453.5
172.5
115.5
392.0
207.0
185.0
229.0
160.5
565.0
193.5
162.0
186.0
188.0
174.5
179.0
170.0
194.5
724.5
735.5
730.0
168.5
181.0
183.5
178.5
179.0
162.0
177.5
182.5
188.5
177.0
166.0
161.5
144.5
166.0
150.5
162.0
153.0
127.5
156.0
166.0
147.0
155.5
126.5
106.5
158.5
151.0
146.5
151.0
149.0
143.5
140.5
137.0
151.5
159.0
154.5
146.5
146.0
142.0
142.5
161.5
167.0
140.5
159.0
154.5
168.0
162.0
147.5
156.5
156.0
168.5
158.5
165.0
153.5
145.5
147.0
152.5
135.0
129.0
84.5
87.5
91.0
15.5
108.0
105.0
116.5
102.5
99.0
102.5
107.5
103.5
119.0
98.5
97.0
113.5
114.5
112.0
103.5
103.5
114.5
102.5
104.0
103.5
107.0
116.0
112.5
109.0
103.5
117.5
103.5
116.0
116.0
115.5
577.5
584.5
43.5
132.0
689.5
693.0
429.5
663.5
