218.000 193.000 353.000 362.000 271.000 192.000 416.000 373.000
221.000 201.000 341.000 356.000 271.000 193.000 415.000 372.000
216.000 195.000 347.000 358.000 272.000 191.000 416.000 369.000
220.000 199.000 346.000 357.000 271.000 191.000 415.000 371.000
215.000 191.000 354.000 364.000 272.000 193.000 411.000 368.000
217.000 188.000 359.000 364.000 274.000 197.000 410.000 369.000
218.000 195.000 350.000 361.000 273.000 196.000 413.000 368.000
217.000 194.000 348.000 359.000 272.000 192.000 414.000 368.000
220.000 200.000 342.000 350.000 272.000 199.000 412.000 373.000
215.000 192.000 354.000 366.000 272.000 193.000 413.000 367.000
216.000 193.000 350.000 361.000 271.000 196.000 412.000 373.000
213.000 194.000 352.000 367.000 273.000 199.000 409.000 370.000
222.000 195.000 347.000 353.000 271.000 193.000 414.000 371.000
210.000 191.000 354.000 374.000 274.000 195.000 415.000 366.000
210.000 191.000 354.000 374.000 274.000 195.000 415.000 366.000
220.000 200.000 342.000 352.000 275.000 194.000 415.000 366.000
213.000 187.000 363.000 378.000 272.000 194.000 413.000 369.000
216.000 194.000 351.000 360.000 276.000 195.000 413.000 363.000
219.000 194.000 353.000 358.000 273.000 200.000 408.000 367.000
216.000 194.000 352.000 361.000 272.000 193.000 414.000 370.000
219.000 190.000 358.000 363.000 272.000 197.000 416.000 372.000
214.000 191.000 355.000 367.000 272.000 192.000 416.000 370.000
216.000 193.000 357.000 368.000 272.000 195.000 410.000 368.000
220.000 192.000 355.000 356.000 272.000 191.000 414.000 367.000
221.000 195.000 356.000 360.000 271.000 198.000 414.000 375.000
216.000 188.000 356.000 364.000 269.000 194.000 411.000 370.000
213.000 190.000 354.000 366.000 274.000 195.000 412.000 364.000
217.000 194.000 350.000 365.000 272.000 196.000 411.000 368.000
214.000 189.000 359.000 372.000 274.000 195.000 414.000 368.000
214.000 189.000 359.000 372.000 274.000 195.000 414.000 368.000
222.000 199.000 344.000 348.000 272.000 193.000 413.000 368.000
221.000 198.000 346.000 351.000 273.000 195.000 414.000 369.000
221.000 195.000 350.000 360.000 275.000 195.000 413.000 366.000
218.000 198.000 345.000 357.000 276.000 195.000 414.000 366.000
219.000 191.000 357.000 360.000 273.000 197.000 410.000 366.000
217.000 192.000 352.000 361.000 273.000 197.000 412.000 370.000
215.000 187.000 358.000 367.000 277.000 197.000 413.000 360.000
219.000 198.000 343.000 349.000 276.000 194.000 415.000 363.000
220.000 196.000 350.000 356.000 275.000 193.000 415.000 365.000
217.000 193.000 356.000 368.000 276.000 204.000 404.000 361.000
222.000 200.000 339.000 356.000 272.000 192.000 420.000 374.000
213.000 194.000 358.000 381.000 275.000 193.000 415.000 364.000
214.000 189.000 358.000 369.000 274.000 194.000 416.000 370.000
211.000 189.000 354.000 372.000 273.000 199.000 411.000 369.000
211.000 189.000 354.000 372.000 273.000 199.000 411.000 369.000
215.000 190.000 356.000 363.000 275.000 195.000 414.000 365.000
215.000 190.000 356.000 366.000 272.000 189.000 417.000 370.000
216.000 191.000 359.000 368.000 271.000 190.000 417.000 371.000
219.000 195.000 353.000 360.000 271.000 191.000 413.000 366.000
215.000 194.000 351.000 359.000 272.000 195.000 411.000 367.000
217.000 195.000 349.000 360.000 272.000 191.000 416.000 370.000
211.000 189.000 356.000 369.000 270.000 191.000 413.000 369.000
216.000 194.000 349.000 358.000 270.000 195.000 411.000 371.000
216.000 190.000 355.000 366.000 270.000 199.000 413.000 377.000
219.000 200.000 347.000 360.000 272.000 199.000 410.000 371.000
224.000 206.000 345.000 359.000 275.000 204.000 405.000 369.000
217.000 189.000 354.000 360.000 271.000 192.000 413.000 366.000
211.000 192.000 352.000 374.000 277.000 209.000 404.000 369.000
211.000 196.000 347.000 370.000 273.000 206.000 406.000 372.000
210.000 189.000 357.000 378.000 273.000 196.000 414.000 372.000
208.000 190.000 356.000 376.000 271.000 192.000 415.000 370.000
208.000 190.000 356.000 376.000 271.000 192.000 415.000 370.000
208.000 187.000 358.000 377.000 270.000 201.000 408.000 372.000
210.000 190.000 355.000 371.000 270.000 194.000 411.000 369.000
208.000 188.000 355.000 374.000 270.000 192.000 410.000 369.000
212.000 192.000 354.000 373.000 272.000 200.000 411.000 373.000
211.000 192.000 360.000 383.000 271.000 196.000 414.000 370.000
211.000 191.000 354.000 371.000 271.000 195.000 414.000 376.000
207.000 188.000 355.000 376.000 274.000 195.000 406.000 360.000
224.000 203.000 340.000 353.000 271.000 193.000 415.000 371.000
213.000 192.000 352.000 368.000 270.000 196.000 410.000 373.000
212.000 192.000 353.000 373.000 269.000 194.000 416.000 378.000
210.000 190.000 348.000 369.000 272.000 193.000 412.000 368.000
208.000 186.000 359.000 378.000 272.000 200.000 408.000 373.000
212.000 192.000 355.000 372.000 271.000 202.000 407.000 375.000
212.000 193.000 354.000 372.000 270.000 194.000 409.000 367.000
212.000 193.000 354.000 372.000 270.000 194.000 409.000 367.000
209.000 190.000 354.000 378.000 277.000 206.000 404.000 363.000
207.000 190.000 349.000 370.000 273.000 196.000 408.000 367.000
211.000 189.000 357.000 374.000 272.000 194.000 409.000 367.000
215.000 194.000 351.000 363.000 271.000 194.000 408.000 368.000
211.000 188.000 356.000 371.000 273.000 198.000 410.000 368.000
210.000 186.000 355.000 377.000 269.000 197.000 407.000 368.000
216.000 193.000 352.000 360.000 272.000 192.000 411.000 368.000
209.000 196.000 352.000 378.000 270.000 194.000 411.000 370.000
211.000 189.000 353.000 367.000 270.000 196.000 411.000 370.000
215.000 191.000 350.000 358.000 270.000 197.000 410.000 373.000
208.000 187.000 363.000 384.000 270.000 196.000 410.000 369.000
209.000 191.000 355.000 380.000 270.000 199.000 411.000 375.000
209.000 191.000 355.000 380.000 270.000 199.000 411.000 375.000
210.000 191.000 351.000 365.000 269.000 194.000 415.000 375.000
211.000 186.000 359.000 375.000 272.000 196.000 408.000 366.000
220.000 198.000 348.000 360.000 272.000 200.000 408.000 372.000
219.000 199.000 345.000 357.000 271.000 193.000 412.000 367.000
224.000 203.000 340.000 351.000 276.000 205.000 405.000 366.000
212.000 192.000 352.000 372.000 279.000 200.000 406.000 359.000
215.000 194.000 346.000 363.000 280.000 201.000 407.000 357.000
217.000 196.000 344.000 356.000 274.000 201.000 402.000 359.000
212.000 193.000 352.000 372.000 277.000 200.000 408.000 364.000
216.000 193.000 349.000 360.000 278.000 204.000 400.000 357.000
230.000 208.000 343.000 349.000 272.000 200.000 412.000 375.000
216.000 191.000 346.000 367.000 276.000 206.000 401.000 362.000
218.000 198.000 348.000 359.000 275.000 203.000 400.000 357.000
238.000 214.000 335.000 338.000 274.000 201.000 409.000 370.000
238.000 214.000 335.000 338.000 274.000 201.000 409.000 370.000
213.000 193.000 355.000 372.000 277.000 205.000 402.000 361.000
233.000 214.000 335.000 343.000 276.000 204.000 401.000 362.000
225.000 201.000 345.000 355.000 274.000 203.000 400.000 367.000
232.000 223.000 337.000 351.000 280.000 206.000 404.000 363.000
227.000 212.000 312.000 321.000 274.000 198.000 412.000 370.000
216.000 189.000 356.000 368.000 273.000 199.000 415.000 375.000
216.000 194.000 350.000 363.000 278.000 204.000 407.000 366.000
219.000 198.000 344.000 360.000 274.000 201.000 410.000 369.000
220.000 193.000 346.000 360.000 274.000 196.000 412.000 368.000
217.000 192.000 357.000 367.000 272.000 196.000 412.000 371.000
225.000 214.000 339.000 356.000 276.000 204.000 399.000 355.000
225.000 209.000 341.000 358.000 275.000 199.000 405.000 365.000
212.000 191.000 356.000 370.000 272.000 199.000 409.000 372.000
215.000 196.000 352.000 366.000 277.000 206.000 401.000 360.000
215.000 193.000 353.000 364.000 276.000 203.000 402.000 363.000
214.000 190.000 353.000 363.000 270.000 197.000 406.000 372.000
213.000 193.000 352.000 366.000 271.000 195.000 412.000 368.000
216.000 193.000 354.000 362.000 270.000 196.000 410.000 370.000
215.000 192.000 355.000 364.000 273.000 197.000 406.000 365.000
215.000 193.000 354.000 369.000 276.000 206.000 399.000 360.000
213.000 189.000 353.000 364.000 269.000 196.000 409.000 367.000
212.000 191.000 354.000 370.000 273.000 201.000 405.000 367.000
212.000 191.000 354.000 370.000 273.000 201.000 405.000 367.000
210.000 191.000 354.000 374.000 277.000 206.000 400.000 359.000
209.000 192.000 355.000 375.000 270.000 199.000 409.000 369.000
211.000 188.000 357.000 373.000 274.000 196.000 407.000 361.000
213.000 196.000 351.000 372.000 272.000 198.000 409.000 369.000
211.000 187.000 362.000 380.000 270.000 195.000 410.000 369.000
217.000 200.000 341.000 358.000 272.000 199.000 409.000 371.000
216.000 194.000 351.000 363.000 270.000 197.000 411.000 373.000
230.000 205.000 339.000 345.000 273.000 197.000 408.000 364.000
238.000 221.000 335.000 344.000 272.000 199.000 408.000 368.000
212.000 193.000 354.000 375.000 271.000 199.000 408.000 369.000
227.000 209.000 337.000 349.000 272.000 195.000 410.000 368.000
230.000 209.000 344.000 354.000 271.000 194.000 412.000 369.000
227.000 200.000 340.000 347.000 274.000 198.000 406.000 359.000
227.000 200.000 340.000 347.000 274.000 198.000 406.000 359.000
226.000 211.000 334.000 347.000 274.000 198.000 407.000 367.000
221.000 201.000 339.000 355.000 270.000 194.000 410.000 369.000
215.000 190.000 357.000 371.000 274.000 200.000 411.000 370.000
217.000 194.000 354.000 365.000 274.000 200.000 409.000 367.000
215.000 188.000 358.000 371.000 277.000 201.000 405.000 364.000
218.000 197.000 349.000 367.000 272.000 199.000 410.000 368.000
217.000 198.000 347.000 367.000 275.000 202.000 408.000 366.000
218.000 191.000 354.000 365.000 272.000 198.000 413.000 372.000
225.000 198.000 344.000 352.000 272.000 199.000 410.000 367.000
217.000 192.000 353.000 363.000 277.000 202.000 401.000 358.000
213.000 192.000 355.000 371.000 276.000 201.000 407.000 370.000
221.000 201.000 344.000 355.000 272.000 197.000 410.000 367.000
211.000 187.000 354.000 372.000 276.000 203.000 402.000 363.000
214.000 193.000 350.000 370.000 278.000 204.000 399.000 355.000
220.000 202.000 335.000 351.000 270.000 198.000 410.000 370.000
220.000 202.000 335.000 351.000 270.000 198.000 410.000 370.000
222.000 201.000 343.000 355.000 271.000 194.000 414.000 371.000
223.000 207.000 339.000 350.000 277.000 202.000 402.000 359.000
220.000 194.000 353.000 360.000 277.000 198.000 402.000 353.000
216.000 192.000 357.000 371.000 276.000 204.000 406.000 367.000
220.000 199.000 344.000 355.000 276.000 206.000 403.000 368.000
218.000 191.000 359.000 368.000 272.000 196.000 413.000 371.000
215.000 193.000 352.000 364.000 274.000 201.000 407.000 368.000
214.000 194.000 352.000 367.000 276.000 206.000 404.000 369.000
224.000 198.000 351.000 361.000 270.000 195.000 413.000 372.000
225.000 202.000 348.000 355.000 270.000 197.000 412.000 373.000
228.000 203.000 343.000 350.000 276.000 203.000 406.000 367.000
213.000 194.000 352.000 369.000 274.000 198.000 416.000 371.000
213.000 194.000 352.000 369.000 274.000 198.000 416.000 371.000
220.000 198.000 348.000 353.000 279.000 202.000 410.000 366.000
223.000 209.000 339.000 358.000 274.000 205.000 408.000 370.000
232.000 211.000 335.000 344.000 270.000 196.000 411.000 371.000
232.000 211.000 335.000 344.000 270.000 196.000 411.000 371.000
216.000 196.000 342.000 365.000 272.000 203.000 406.000 371.000
211.000 191.000 358.000 378.000 272.000 194.000 411.000 371.000
213.000 195.000 350.000 369.000 272.000 199.000 408.000 370.000
211.000 186.000 358.000 373.000 271.000 202.000 409.000 374.000
213.000 191.000 356.000 372.000 272.000 193.000 411.000 369.000
218.000 197.000 346.000 358.000 270.000 196.000 413.000 375.000
223.000 204.000 339.000 355.000 273.000 201.000 407.000 370.000
212.000 188.000 359.000 374.000 270.000 195.000 410.000 370.000
218.000 198.000 346.000 367.000 275.000 197.000 405.000 362.000
218.000 192.000 351.000 366.000 273.000 194.000 414.000 368.000
220.000 196.000 349.000 363.000 272.000 198.000 408.000 368.000
209.000 188.000 356.000 375.000 274.000 193.000 409.000 363.000
218.000 192.000 348.000 368.000 270.000 197.000 412.000 372.000
219.000 195.000 344.000 361.000 271.000 191.000 413.000 369.000
216.000 194.000 352.000 359.000 273.000 195.000 412.000 367.000
216.000 191.000 355.000 368.000 274.000 197.000 407.000 365.000
216.000 191.000 355.000 368.000 274.000 197.000 407.000 365.000
213.000 191.000 350.000 362.000 271.000 190.000 415.000 370.000
220.000 193.000 349.000 355.000 270.000 193.000 412.000 371.000
212.000 196.000 356.000 382.000 270.000 195.000 411.000 372.000
215.000 193.000 354.000 372.000 271.000 192.000 411.000 367.000
215.000 196.000 353.000 370.000 272.000 192.000 414.000 367.000
212.000 194.000 353.000 372.000 273.000 194.000 412.000 366.000
213.000 192.000 352.000 370.000 274.000 194.000 411.000 363.000
213.000 193.000 355.000 374.000 272.000 202.000 408.000 372.000
226.000 208.000 343.000 357.000 273.000 198.000 411.000 369.000
242.000 213.000 341.000 344.000 270.000 189.000 415.000 369.000
219.000 200.000 349.000 363.000 271.000 196.000 411.000 371.000
221.000 199.000 348.000 362.000 272.000 194.000 413.000 370.000
216.000 193.000 353.000 369.000 271.000 193.000 413.000 367.000
212.000 192.000 360.000 382.000 272.000 199.000 411.000 375.000
212.000 197.000 352.000 376.000 276.000 202.000 406.000 366.000
215.000 194.000 351.000 364.000 272.000 193.000 414.000 370.000
215.000 194.000 351.000 364.000 272.000 193.000 414.000 370.000
213.000 193.000 348.000 367.000 272.000 197.000 411.000 370.000
212.000 192.000 358.000 380.000 272.000 190.000 415.000 367.000
220.000 198.000 355.000 372.000 271.000 195.000 412.000 368.000
218.000 191.000 357.000 361.000 272.000 195.000 408.000 366.000
217.000 195.000 344.000 364.000 272.000 198.000 410.000 369.000
221.000 197.000 349.000 354.000 275.000 202.000 405.000 367.000
214.000 189.000 358.000 370.000 273.000 197.000 411.000 368.000
215.000 191.000 348.000 368.000 274.000 195.000 414.000 370.000
217.000 196.000 351.000 366.000 271.000 195.000 414.000 374.000
217.000 195.000 344.000 360.000 271.000 196.000 412.000 371.000
221.000 199.000 346.000 352.000 274.000 202.000 408.000 373.000
219.000 197.000 345.000 359.000 276.000 196.000 412.000 367.000
214.000 188.000 358.000 374.000 277.000 200.000 408.000 366.000
214.000 188.000 358.000 374.000 277.000 200.000 408.000 366.000
213.000 193.000 354.000 375.000 273.000 194.000 413.000 367.000
220.000 199.000 341.000 349.000 272.000 195.000 411.000 368.000
215.000 195.000 352.000 372.000 271.000 194.000 410.000 370.000
209.000 188.000 357.000 377.000 272.000 197.000 411.000 369.000
211.000 189.000 356.000 373.000 272.000 193.000 415.000 370.000
220.000 196.000 348.000 357.000 273.000 192.000 415.000 368.000
216.000 196.000 347.000 360.000 272.000 198.000 413.000 369.000
223.000 199.000 348.000 359.000 274.000 195.000 410.000 367.000
210.000 188.000 358.000 376.000 273.000 193.000 413.000 367.000
216.000 195.000 348.000 372.000 273.000 195.000 413.000 367.000
214.000 188.000 357.000 369.000 273.000 196.000 415.000 373.000
210.000 188.000 359.000 380.000 273.000 194.000 413.000 367.000
216.000 191.000 351.000 358.000 273.000 191.000 416.000 369.000
216.000 191.000 351.000 358.000 273.000 191.000 416.000 369.000
224.000 203.000 345.000 362.000 272.000 191.000 415.000 370.000
221.000 194.000 356.000 360.000 274.000 196.000 415.000 369.000
234.000 200.000 343.000 343.000 274.000 196.000 414.000 370.000
226.000 202.000 341.000 346.000 277.000 201.000 411.000 369.000
224.000 201.000 345.000 355.000 278.000 205.000 405.000 364.000
227.000 200.000 349.000 354.000 275.000 195.000 416.000 372.000
217.000 195.000 349.000 363.000 275.000 198.000 414.000 371.000
218.000 195.000 346.000 364.000 278.000 202.000 410.000 367.000
221.000 199.000 343.000 359.000 279.000 204.000 407.000 364.000
222.000 199.000 350.000 365.000 281.000 204.000 404.000 358.000
222.000 199.000 350.000 365.000 281.000 204.000 404.000 358.000
223.000 203.000 344.000 356.000 284.000 210.000 404.000 356.000
220.000 200.000 353.000 370.000 275.000 199.000 412.000 370.000
220.000 200.000 353.000 370.000 275.000 199.000 412.000 370.000
219.000 197.000 352.000 370.000 274.000 198.000 414.000 371.000
222.000 196.000 356.000 364.000 279.000 206.000 405.000 362.000
210.000 190.000 357.000 379.000 276.000 202.000 408.000 367.000
216.000 195.000 351.000 369.000 272.000 193.000 416.000 370.000
226.000 199.000 345.000 349.000 273.000 200.000 411.000 372.000
219.000 194.000 349.000 357.000 278.000 206.000 404.000 366.000
214.000 191.000 356.000 373.000 276.000 203.000 405.000 368.000
213.000 194.000 352.000 371.000 276.000 202.000 406.000 368.000
212.000 191.000 354.000 371.000 274.000 204.000 404.000 370.000
219.000 196.000 356.000 364.000 278.000 202.000 405.000 359.000
217.000 194.000 353.000 363.000 279.000 205.000 400.000 356.000
221.000 197.000 349.000 354.000 273.000 201.000 408.000 372.000
215.000 191.000 352.000 361.000 275.000 202.000 406.000 369.000
215.000 191.000 352.000 361.000 275.000 202.000 406.000 369.000
216.000 194.000 355.000 368.000 276.000 204.000 404.000 368.000
218.000 195.000 348.000 367.000 272.000 198.000 412.000 374.000
226.000 209.000 334.000 349.000 273.000 198.000 411.000 370.000
212.000 187.000 358.000 371.000 272.000 193.000 413.000 371.000
213.000 195.000 354.000 373.000 274.000 200.000 411.000 369.000
221.000 205.000 340.000 355.000 273.000 194.000 413.000 369.000
214.000 188.000 357.000 368.000 272.000 197.000 411.000 368.000
213.000 193.000 354.000 374.000 273.000 197.000 413.000 370.000
219.000 193.000 348.000 362.000 274.000 193.000 415.000 368.000
213.000 189.000 359.000 375.000 274.000 193.000 417.000 370.000
219.000 192.000 353.000 365.000 273.000 192.000 414.000 368.000
228.000 202.000 337.000 344.000 274.000 193.000 413.000 366.000
228.000 202.000 337.000 344.000 274.000 193.000 413.000 366.000
218.000 193.000 356.000 377.000 274.000 193.000 416.000 371.000
218.000 196.000 350.000 369.000 272.000 194.000 414.000 373.000
220.000 201.000 345.000 354.000 273.000 196.000 414.000 371.000
215.000 188.000 358.000 371.000 276.000 194.000 413.000 366.000
212.000 190.000 356.000 376.000 273.000 193.000 415.000 372.000
210.000 191.000 353.000 374.000 270.000 195.000 414.000 375.000
221.000 195.000 350.000 362.000 273.000 193.000 414.000 368.000
216.000 191.000 359.000 373.000 270.000 193.000 417.000 373.000
213.000 190.000 356.000 373.000 273.000 196.000 411.000 367.000
224.000 203.000 343.000 349.000 273.000 196.000 412.000 369.000
220.000 198.000 348.000 359.000 273.000 194.000 414.000 369.000
220.000 198.000 348.000 359.000 273.000 194.000 414.000 369.000
218.000 187.000 360.000 366.000 271.000 190.000 416.000 371.000
217.000 191.000 357.000 366.000 274.000 192.000 414.000 365.000
211.000 187.000 363.000 381.000 275.000 199.000 414.000 373.000
219.000 193.000 356.000 368.000 273.000 198.000 413.000 374.000
215.000 186.000 359.000 370.000 275.000 198.000 415.000 373.000
219.000 192.000 358.000 364.000 283.000 201.000 408.000 358.000
215.000 196.000 356.000 381.000 279.000 202.000 404.000 361.000
221.000 194.000 356.000 365.000 277.000 193.000 412.000 366.000
218.000 192.000 354.000 369.000 281.000 205.000 408.000 363.000
217.000 198.000 351.000 368.000 278.000 205.000 406.000 365.000
