236.000 208.000 355.000 354.000 285.000 220.000 399.000 363.000
235.000 211.000 352.000 356.000 286.000 217.000 403.000 360.000
237.000 212.000 348.000 351.000 286.000 216.000 399.000 357.000
231.000 209.000 352.000 365.000 297.000 236.000 370.000 327.000
232.000 209.000 355.000 363.000 297.000 234.000 373.000 330.000
230.000 208.000 351.000 365.000 285.000 215.000 404.000 360.000
245.000 228.000 330.000 337.000 284.000 217.000 401.000 367.000
231.000 205.000 357.000 367.000 284.000 219.000 398.000 364.000
234.000 206.000 358.000 363.000 287.000 217.000 402.000 362.000
237.000 212.000 351.000 352.000 285.000 221.000 398.000 363.000
237.000 212.000 351.000 352.000 285.000 221.000 398.000 363.000
229.000 205.000 357.000 368.000 297.000 231.000 377.000 332.000
232.000 209.000 352.000 359.000 293.000 229.000 383.000 339.000
232.000 207.000 351.000 357.000 287.000 219.000 396.000 357.000
229.000 208.000 355.000 370.000 285.000 217.000 402.000 362.000
234.000 207.000 356.000 358.000 290.000 224.000 390.000 348.000
233.000 209.000 354.000 361.000 286.000 215.000 405.000 361.000
233.000 210.000 352.000 359.000 284.000 215.000 402.000 363.000
234.000 209.000 351.000 354.000 284.000 215.000 403.000 361.000
232.000 208.000 349.000 356.000 283.000 213.000 402.000 359.000
227.000 207.000 353.000 368.000 283.000 215.000 400.000 360.000
227.000 207.000 353.000 368.000 283.000 215.000 400.000 360.000
233.000 213.000 343.000 353.000 283.000 211.000 403.000 358.000
229.000 206.000 352.000 361.000 284.000 216.000 403.000 362.000
233.000 213.000 343.000 358.000 283.000 217.000 402.000 364.000
231.000 209.000 349.000 358.000 284.000 212.000 403.000 359.000
233.000 209.000 351.000 357.000 284.000 217.000 402.000 361.000
232.000 208.000 352.000 360.000 292.000 226.000 393.000 349.000
235.000 212.000 351.000 354.000 285.000 217.000 403.000 363.000
232.000 211.000 352.000 363.000 284.000 216.000 405.000 366.000
236.000 215.000 348.000 354.000 289.000 217.000 398.000 353.000
236.000 212.000 351.000 353.000 285.000 214.000 401.000 362.000
231.000 212.000 350.000 361.000 293.000 227.000 391.000 347.000
231.000 212.000 350.000 361.000 293.000 227.000 391.000 347.000
231.000 212.000 350.000 365.000 289.000 221.000 394.000 351.000
229.000 206.000 354.000 363.000 285.000 213.000 403.000 361.000
234.000 212.000 351.000 359.000 286.000 214.000 402.000 360.000
229.000 207.000 355.000 366.000 290.000 224.000 392.000 350.000
232.000 208.000 352.000 362.000 284.000 216.000 403.000 365.000
230.000 208.000 353.000 364.000 284.000 216.000 404.000 362.000
228.000 206.000 355.000 368.000 286.000 221.000 394.000 359.000
229.000 207.000 353.000 365.000 283.000 213.000 403.000 365.000
235.000 210.000 352.000 354.000 285.000 214.000 403.000 363.000
233.000 209.000 354.000 361.000 285.000 219.000 401.000 364.000
229.000 208.000 351.000 364.000 284.000 220.000 397.000 362.000
229.000 208.000 351.000 364.000 284.000 220.000 397.000 362.000
228.000 205.000 357.000 369.000 284.000 215.000 403.000 363.000
227.000 206.000 353.000 368.000 284.000 214.000 402.000 361.000
233.000 208.000 354.000 360.000 283.000 214.000 403.000 362.000
231.000 210.000 352.000 364.000 285.000 217.000 403.000 361.000
232.000 214.000 348.000 362.000 282.000 212.000 404.000 360.000
232.000 216.000 345.000 360.000 284.000 212.000 402.000 357.000
233.000 216.000 345.000 362.000 283.000 212.000 402.000 357.000
239.000 221.000 333.000 341.000 283.000 211.000 404.000 360.000
229.000 209.000 352.000 365.000 286.000 215.000 397.000 352.000
233.000 218.000 344.000 359.000 284.000 212.000 403.000 357.000
233.000 210.000 351.000 361.000 283.000 213.000 402.000 359.000
231.000 215.000 345.000 361.000 283.000 213.000 403.000 360.000
231.000 215.000 345.000 361.000 283.000 213.000 403.000 360.000
228.000 214.000 346.000 366.000 283.000 214.000 403.000 360.000
229.000 210.000 347.000 361.000 284.000 217.000 402.000 360.000
225.000 206.000 352.000 364.000 287.000 216.000 398.000 349.000
247.000 226.000 339.000 340.000 284.000 215.000 402.000 359.000
240.000 221.000 332.000 335.000 285.000 213.000 399.000 355.000
230.000 211.000 349.000 362.000 283.000 211.000 404.000 361.000
234.000 216.000 341.000 350.000 285.000 211.000 403.000 356.000
230.000 215.000 347.000 364.000 286.000 216.000 401.000 355.000
238.000 218.000 342.000 352.000 283.000 216.000 401.000 359.000
229.000 211.000 351.000 367.000 283.000 213.000 403.000 359.000
234.000 214.000 348.000 360.000 281.000 210.000 403.000 361.000
232.000 211.000 346.000 356.000 286.000 213.000 401.000 355.000
228.000 209.000 352.000 364.000 285.000 212.000 404.000 357.000
231.000 216.000 347.000 363.000 285.000 215.000 404.000 358.000
229.000 211.000 342.000 353.000 286.000 213.000 401.000 354.000
229.000 211.000 352.000 366.000 284.000 213.000 401.000 358.000
229.000 211.000 352.000 366.000 284.000 213.000 401.000 358.000
232.000 213.000 348.000 362.000 283.000 212.000 404.000 363.000
233.000 209.000 349.000 359.000 284.000 212.000 402.000 357.000
227.000 211.000 352.000 369.000 284.000 214.000 402.000 359.000
233.000 215.000 342.000 357.000 286.000 214.000 404.000 357.000
237.000 220.000 341.000 352.000 285.000 212.000 404.000 359.000
231.000 216.000 346.000 359.000 284.000 214.000 401.000 359.000
230.000 211.000 349.000 363.000 284.000 215.000 402.000 358.000
232.000 213.000 344.000 355.000 283.000 215.000 402.000 359.000
234.000 214.000 343.000 354.000 284.000 215.000 400.000 356.000
234.000 214.000 343.000 354.000 284.000 215.000 400.000 356.000
237.000 217.000 344.000 355.000 286.000 214.000 401.000 355.000
228.000 208.000 351.000 361.000 287.000 216.000 401.000 352.000
229.000 207.000 348.000 361.000 287.000 218.000 399.000 352.000
231.000 207.000 351.000 361.000 283.000 216.000 398.000 355.000
231.000 208.000 349.000 361.000 283.000 214.000 399.000 354.000
232.000 215.000 345.000 359.000 284.000 212.000 398.000 353.000
223.000 207.000 353.000 373.000 285.000 218.000 391.000 348.000
226.000 214.000 347.000 366.000 283.000 215.000 398.000 356.000
230.000 212.000 348.000 358.000 285.000 216.000 396.000 351.000
227.000 213.000 347.000 366.000 284.000 216.000 394.000 351.000
227.000 213.000 347.000 366.000 284.000 216.000 394.000 351.000
224.000 207.000 355.000 372.000 284.000 217.000 398.000 355.000
234.000 216.000 343.000 353.000 284.000 218.000 395.000 352.000
225.000 206.000 352.000 369.000 282.000 213.000 397.000 354.000
228.000 211.000 347.000 361.000 283.000 214.000 401.000 359.000
226.000 207.000 348.000 364.000 283.000 214.000 398.000 356.000
230.000 207.000 350.000 358.000 284.000 215.000 398.000 355.000
232.000 212.000 347.000 355.000 286.000 217.000 397.000 353.000
234.000 216.000 345.000 351.000 285.000 215.000 396.000 352.000
232.000 212.000 348.000 355.000 284.000 217.000 397.000 355.000
232.000 210.000 348.000 355.000 284.000 216.000 399.000 356.000
227.000 210.000 351.000 366.000 283.000 214.000 400.000 356.000
227.000 209.000 348.000 363.000 285.000 217.000 397.000 355.000
227.000 209.000 348.000 363.000 285.000 217.000 397.000 355.000
227.000 209.000 348.000 366.000 284.000 214.000 400.000 355.000
231.000 210.000 350.000 359.000 286.000 217.000 399.000 353.000
229.000 211.000 347.000 362.000 285.000 216.000 397.000 353.000
231.000 211.000 350.000 363.000 285.000 217.000 399.000 355.000
226.000 208.000 352.000 369.000 285.000 217.000 394.000 350.000
228.000 210.000 350.000 364.000 284.000 217.000 394.000 353.000
228.000 212.000 348.000 362.000 284.000 215.000 398.000 354.000
226.000 206.000 352.000 367.000 284.000 218.000 393.000 352.000
229.000 209.000 352.000 363.000 286.000 216.000 402.000 356.000
229.000 213.000 347.000 365.000 286.000 218.000 396.000 351.000
228.000 210.000 348.000 363.000 284.000 215.000 398.000 355.000
230.000 215.000 345.000 361.000 282.000 219.000 396.000 357.000
232.000 212.000 346.000 357.000 284.000 214.000 401.000 358.000
231.000 211.000 350.000 358.000 284.000 216.000 401.000 358.000
232.000 211.000 349.000 356.000 283.000 213.000 401.000 358.000
228.000 210.000 348.000 361.000 285.000 216.000 401.000 354.000
228.000 210.000 348.000 361.000 285.000 216.000 401.000 354.000
233.000 217.000 346.000 363.000 282.000 213.000 402.000 360.000
231.000 216.000 341.000 357.000 285.000 216.000 401.000 357.000
234.000 213.000 346.000 358.000 284.000 214.000 400.000 357.000
231.000 213.000 349.000 363.000 283.000 215.000 400.000 358.000
231.000 214.000 349.000 363.000 285.000 214.000 402.000 356.000
235.000 216.000 343.000 355.000 283.000 219.000 396.000 360.000
232.000 214.000 341.000 355.000 283.000 217.000 395.000 356.000
235.000 217.000 341.000 353.000 284.000 217.000 402.000 359.000
232.000 215.000 349.000 360.000 284.000 216.000 400.000 357.000
232.000 214.000 347.000 361.000 283.000 212.000 403.000 360.000
232.000 212.000 347.000 359.000 283.000 218.000 399.000 359.000
234.000 220.000 340.000 358.000 283.000 215.000 402.000 361.000
234.000 220.000 340.000 358.000 283.000 215.000 402.000 361.000
234.000 217.000 340.000 356.000 284.000 213.000 404.000 359.000
234.000 217.000 340.000 356.000 284.000 213.000 404.000 359.000
236.000 219.000 339.000 350.000 283.000 212.000 404.000 360.000
234.000 216.000 343.000 355.000 285.000 214.000 402.000 357.000
228.000 206.000 352.000 364.000 284.000 213.000 404.000 358.000
231.000 216.000 346.000 365.000 288.000 217.000 401.000 353.000
233.000 217.000 343.000 358.000 282.000 212.000 405.000 363.000
232.000 215.000 349.000 363.000 284.000 212.000 403.000 358.000
234.000 218.000 344.000 357.000 283.000 215.000 403.000 361.000
233.000 216.000 339.000 353.000 283.000 217.000 401.000 360.000
229.000 216.000 346.000 365.000 285.000 218.000 396.000 353.000
229.000 216.000 346.000 365.000 285.000 218.000 396.000 353.000
228.000 210.000 346.000 360.000 282.000 215.000 402.000 363.000
229.000 217.000 344.000 364.000 282.000 215.000 401.000 361.000
238.000 222.000 342.000 353.000 284.000 215.000 402.000 357.000
232.000 213.000 342.000 357.000 284.000 215.000 397.000 353.000
233.000 216.000 346.000 361.000 287.000 216.000 401.000 354.000
229.000 213.000 351.000 368.000 285.000 217.000 394.000 351.000
233.000 215.000 341.000 355.000 285.000 214.000 401.000 354.000
236.000 218.000 343.000 356.000 283.000 213.000 402.000 357.000
231.000 216.000 339.000 352.000 283.000 212.000 404.000 361.000
235.000 216.000 342.000 358.000 283.000 215.000 399.000 355.000
230.000 210.000 349.000 360.000 286.000 215.000 403.000 356.000
231.000 209.000 350.000 363.000 284.000 214.000 405.000 359.000
229.000 215.000 340.000 355.000 283.000 213.000 402.000 358.000
229.000 215.000 340.000 355.000 283.000 213.000 402.000 358.000
235.000 215.000 339.000 342.000 283.000 211.000 404.000 360.000
234.000 210.000 349.000 352.000 283.000 212.000 403.000 358.000
233.000 208.000 349.000 353.000 283.000 213.000 401.000 359.000
225.000 211.000 349.000 368.000 284.000 211.000 403.000 357.000
227.000 208.000 350.000 366.000 284.000 211.000 402.000 358.000
227.000 209.000 352.000 368.000 283.000 212.000 404.000 359.000
227.000 207.000 349.000 364.000 283.000 210.000 406.000 361.000
230.000 214.000 342.000 359.000 284.000 212.000 405.000 358.000
231.000 214.000 340.000 355.000 282.000 210.000 406.000 364.000
227.000 208.000 349.000 362.000 283.000 212.000 403.000 359.000
227.000 208.000 349.000 362.000 283.000 212.000 403.000 359.000
230.000 209.000 352.000 362.000 287.000 215.000 402.000 355.000
236.000 216.000 342.000 352.000 283.000 213.000 405.000 359.000
226.000 206.000 351.000 362.000 281.000 215.000 403.000 364.000
230.000 211.000 347.000 359.000 283.000 213.000 406.000 361.000
230.000 209.000 349.000 361.000 283.000 217.000 400.000 360.000
232.000 216.000 349.000 365.000 282.000 210.000 406.000 363.000
236.000 216.000 342.000 354.000 283.000 218.000 399.000 360.000
231.000 213.000 348.000 359.000 284.000 213.000 401.000 357.000
226.000 206.000 355.000 371.000 283.000 211.000 402.000 359.000
229.000 209.000 351.000 363.000 283.000 213.000 404.000 361.000
236.000 217.000 343.000 357.000 284.000 213.000 402.000 358.000
236.000 217.000 340.000 350.000 286.000 214.000 400.000 354.000
228.000 208.000 352.000 366.000 284.000 212.000 405.000 360.000
227.000 210.000 352.000 368.000 285.000 212.000 406.000 358.000
235.000 217.000 342.000 359.000 285.000 213.000 405.000 359.000
235.000 217.000 342.000 359.000 285.000 213.000 405.000 359.000
235.000 216.000 347.000 359.000 283.000 213.000 404.000 361.000
228.000 210.000 352.000 366.000 284.000 214.000 402.000 359.000
230.000 208.000 353.000 361.000 282.000 210.000 405.000 361.000
233.000 215.000 343.000 355.000 282.000 214.000 402.000 363.000
234.000 218.000 342.000 351.000 284.000 215.000 404.000 361.000
229.000 208.000 352.000 364.000 284.000 211.000 405.000 361.000
234.000 214.000 346.000 356.000 286.000 213.000 401.000 355.000
237.000 216.000 342.000 350.000 286.000 216.000 402.000 355.000
227.000 211.000 337.000 354.000 283.000 211.000 402.000 358.000
233.000 219.000 339.000 354.000 283.000 214.000 401.000 360.000
231.000 211.000 345.000 357.000 286.000 214.000 400.000 354.000
231.000 211.000 345.000 357.000 286.000 214.000 400.000 354.000
236.000 217.000 344.000 354.000 283.000 212.000 401.000 360.000
233.000 218.000 340.000 357.000 282.000 215.000 402.000 363.000
235.000 214.000 345.000 353.000 284.000 211.000 405.000 360.000
232.000 215.000 341.000 355.000 283.000 212.000 402.000 359.000
232.000 216.000 342.000 354.000 284.000 213.000 403.000 360.000
234.000 216.000 343.000 355.000 284.000 216.000 402.000 360.000
230.000 210.000 349.000 359.000 284.000 218.000 395.000 353.000
232.000 211.000 350.000 358.000 284.000 217.000 396.000 355.000
233.000 217.000 339.000 353.000 284.000 218.000 394.000 351.000
233.000 217.000 339.000 353.000 284.000 218.000 394.000 351.000
234.000 215.000 343.000 358.000 283.000 217.000 400.000 358.000
230.000 215.000 339.000 357.000 284.000 217.000 401.000 358.000
234.000 214.000 349.000 357.000 282.000 213.000 402.000 360.000
232.000 215.000 341.000 353.000 284.000 215.000 398.000 355.000
227.000 208.000 350.000 366.000 284.000 218.000 394.000 354.000
226.000 205.000 354.000 369.000 285.000 218.000 400.000 358.000
229.000 211.000 349.000 360.000 285.000 215.000 403.000 357.000
228.000 211.000 350.000 366.000 284.000 214.000 403.000 359.000
233.000 216.000 339.000 351.000 283.000 214.000 403.000 361.000
235.000 220.000 338.000 353.000 283.000 215.000 403.000 362.000
235.000 220.000 338.000 353.000 283.000 215.000 403.000 362.000
233.000 210.000 351.000 356.000 282.000 212.000 404.000 362.000
228.000 208.000 352.000 366.000 283.000 215.000 401.000 361.000
236.000 217.000 342.000 354.000 285.000 217.000 399.000 355.000
230.000 211.000 350.000 363.000 284.000 214.000 401.000 358.000
235.000 217.000 340.000 350.000 286.000 217.000 403.000 356.000
228.000 206.000 352.000 364.000 283.000 217.000 398.000 358.000
234.000 216.000 344.000 356.000 282.000 218.000 399.000 362.000
237.000 219.000 341.000 354.000 285.000 216.000 402.000 358.000
236.000 220.000 340.000 352.000 283.000 216.000 403.000 360.000
229.000 212.000 348.000 361.000 283.000 216.000 402.000 360.000
231.000 215.000 340.000 354.000 282.000 216.000 402.000 362.000
228.000 207.000 349.000 363.000 283.000 216.000 402.000 361.000
232.000 212.000 348.000 357.000 285.000 215.000 402.000 357.000
235.000 218.000 340.000 355.000 286.000 217.000 400.000 355.000
235.000 218.000 340.000 355.000 286.000 217.000 400.000 355.000
228.000 210.000 349.000 363.000 282.000 215.000 399.000 359.000
234.000 213.000 342.000 354.000 283.000 217.000 400.000 359.000
229.000 209.000 351.000 364.000 284.000 217.000 397.000 355.000
233.000 212.000 342.000 356.000 284.000 222.000 395.000 358.000
229.000 216.000 343.000 367.000 285.000 219.000 393.000 352.000
228.000 209.000 352.000 365.000 281.000 214.000 402.000 363.000
234.000 213.000 343.000 357.000 284.000 220.000 395.000 357.000
227.000 206.000 352.000 368.000 284.000 221.000 398.000 359.000
228.000 211.000 350.000 365.000 284.000 219.000 398.000 359.000
228.000 211.000 350.000 365.000 284.000 219.000 398.000 359.000
238.000 220.000 343.000 353.000 285.000 215.000 404.000 358.000
229.000 208.000 354.000 369.000 285.000 216.000 402.000 358.000
232.000 211.000 349.000 353.000 283.000 215.000 401.000 358.000
230.000 213.000 341.000 362.000 284.000 217.000 397.000 354.000
226.000 214.000 346.000 368.000 283.000 214.000 399.000 358.000
226.000 213.000 348.000 367.000 285.000 218.000 400.000 356.000
226.000 214.000 344.000 364.000 283.000 216.000 398.000 358.000
227.000 206.000 349.000 360.000 282.000 218.000 392.000 354.000
226.000 209.000 350.000 363.000 282.000 215.000 398.000 356.000
226.000 211.000 346.000 364.000 281.000 219.000 401.000 366.000
226.000 213.000 346.000 368.000 282.000 218.000 396.000 357.000
226.000 214.000 343.000 364.000 283.000 213.000 402.000 359.000
226.000 214.000 343.000 364.000 283.000 213.000 402.000 359.000
228.000 216.000 348.000 368.000 282.000 214.000 400.000 359.000
227.000 213.000 344.000 363.000 282.000 217.000 396.000 355.000
230.000 211.000 348.000 358.000 285.000 219.000 399.000 356.000
226.000 213.000 347.000 367.000 283.000 217.000 395.000 357.000
227.000 213.000 341.000 361.000 284.000 216.000 399.000 358.000
227.000 221.000 339.000 362.000 282.000 215.000 401.000 358.000
230.000 217.000 337.000 349.000 281.000 217.000 398.000 359.000
227.000 215.000 346.000 367.000 282.000 217.000 395.000 356.000
229.000 216.000 344.000 359.000 282.000 220.000 392.000 355.000
232.000 214.000 346.000 352.000 282.000 219.000 394.000 354.000
234.000 216.000 346.000 354.000 281.000 217.000 396.000 358.000
227.000 212.000 344.000 360.000 280.000 218.000 398.000 363.000
230.000 212.000 345.000 356.000 280.000 220.000 392.000 357.000
229.000 213.000 345.000 357.000 281.000 220.000 392.000 357.000
230.000 217.000 344.000 359.000 283.000 217.000 394.000 353.000
233.000 217.000 346.000 357.000 282.000 217.000 395.000 356.000
233.000 217.000 346.000 357.000 282.000 217.000 395.000 356.000
230.000 216.000 343.000 357.000 280.000 220.000 392.000 358.000
228.000 214.000 343.000 359.000 283.000 219.000 392.000 353.000
231.000 216.000 347.000 363.000 281.000 219.000 397.000 361.000
231.000 211.000 347.000 357.000 282.000 218.000 391.000 354.000
229.000 215.000 342.000 357.000 283.000 220.000 393.000 353.000
228.000 212.000 350.000 366.000 282.000 219.000 393.000 354.000
230.000 214.000 341.000 352.000 284.000 219.000 393.000 353.000
227.000 213.000 346.000 362.000 283.000 219.000 395.000 355.000
229.000 211.000 347.000 360.000 282.000 218.000 394.000 354.000
225.000 209.000 351.000 369.000 282.000 219.000 393.000 355.000
231.000 211.000 349.000 358.000 280.000 219.000 393.000 359.000
231.000 214.000 345.000 359.000 285.000 224.000 388.000 351.000
231.000 214.000 345.000 359.000 285.000 224.000 388.000 351.000
226.000 208.000 349.000 365.000 283.000 217.000 397.000 355.000
226.000 212.000 347.000 365.000 282.000 219.000 394.000 356.000
225.000 208.000 351.000 367.000 281.000 215.000 400.000 361.000
225.000 211.000 345.000 365.000 284.000 219.000 395.000 354.000
226.000 214.000 345.000 366.000 284.000 221.000 391.000 352.000
234.000 220.000 347.000 365.000 282.000 218.000 395.000 355.000
