250.000 226.000 353.000 352.000 299.000 229.000 408.000 362.000
251.000 223.000 356.000 353.000 298.000 227.000 406.000 362.000
247.000 224.000 351.000 352.000 298.000 226.000 408.000 364.000
251.000 228.000 350.000 351.000 297.000 230.000 405.000 366.000
252.000 227.000 351.000 351.000 299.000 229.000 408.000 366.000
249.000 227.000 349.000 352.000 298.000 225.000 409.000 360.000
249.000 224.000 354.000 354.000 297.000 226.000 409.000 363.000
251.000 231.000 347.000 350.000 299.000 229.000 408.000 365.000
250.000 223.000 354.000 358.000 298.000 232.000 402.000 361.000
251.000 224.000 358.000 357.000 302.000 232.000 399.000 354.000
251.000 232.000 350.000 355.000 299.000 231.000 403.000 363.000
251.000 227.000 350.000 353.000 300.000 231.000 404.000 360.000
254.000 228.000 351.000 352.000 301.000 233.000 404.000 360.000
253.000 229.000 349.000 351.000 301.000 227.000 405.000 359.000
252.000 229.000 353.000 353.000 299.000 226.000 408.000 360.000
254.000 228.000 349.000 348.000 300.000 227.000 411.000 365.000
254.000 225.000 357.000 353.000 301.000 227.000 406.000 361.000
253.000 233.000 350.000 352.000 300.000 231.000 406.000 362.000
251.000 226.000 351.000 353.000 300.000 231.000 405.000 364.000
251.000 229.000 357.000 363.000 299.000 229.000 408.000 365.000
251.000 225.000 353.000 350.000 297.000 227.000 408.000 365.000
248.000 221.000 356.000 356.000 301.000 229.000 404.000 356.000
254.000 227.000 353.000 350.000 297.000 226.000 407.000 361.000
252.000 229.000 348.000 350.000 297.000 227.000 411.000 367.000
249.000 224.000 354.000 356.000 300.000 233.000 402.000 358.000
251.000 224.000 354.000 351.000 301.000 233.000 403.000 360.000
248.000 229.000 351.000 360.000 299.000 231.000 403.000 363.000
248.000 226.000 354.000 359.000 300.000 232.000 403.000 357.000
250.000 227.000 353.000 355.000 301.000 233.000 405.000 360.000
250.000 228.000 351.000 357.000 301.000 232.000 402.000 359.000
251.000 223.000 357.000 361.000 300.000 233.000 402.000 358.000
255.000 226.000 353.000 349.000 302.000 230.000 402.000 354.000
248.000 227.000 357.000 364.000 300.000 231.000 406.000 365.000
258.000 237.000 343.000 345.000 299.000 233.000 405.000 363.000
253.000 227.000 351.000 351.000 301.000 232.000 405.000 364.000
251.000 227.000 351.000 352.000 302.000 230.000 405.000 357.000
250.000 228.000 355.000 357.000 300.000 231.000 407.000 367.000
251.000 222.000 356.000 357.000 297.000 225.000 412.000 366.000
265.000 241.000 337.000 335.000 300.000 232.000 404.000 360.000
256.000 233.000 349.000 349.000 303.000 231.000 402.000 357.000
253.000 227.000 354.000 352.000 302.000 233.000 404.000 358.000
256.000 236.000 341.000 344.000 296.000 228.000 405.000 366.000
253.000 228.000 361.000 360.000 301.000 230.000 406.000 361.000
252.000 229.000 356.000 357.000 300.000 232.000 404.000 360.000
252.000 227.000 348.000 352.000 300.000 232.000 403.000 361.000
248.000 225.000 354.000 361.000 298.000 229.000 403.000 359.000
245.000 222.000 361.000 365.000 300.000 232.000 405.000 362.000
246.000 220.000 359.000 364.000 300.000 232.000 405.000 363.000
255.000 228.000 352.000 348.000 298.000 230.000 405.000 361.000
247.000 226.000 351.000 361.000 300.000 233.000 401.000 356.000
251.000 223.000 361.000 358.000 300.000 230.000 401.000 355.000
251.000 230.000 349.000 357.000 299.000 231.000 402.000 357.000
248.000 221.000 361.000 361.000 299.000 231.000 405.000 363.000
254.000 229.000 347.000 350.000 300.000 232.000 401.000 355.000
248.000 226.000 348.000 355.000 299.000 231.000 402.000 357.000
247.000 229.000 353.000 360.000 299.000 231.000 403.000 360.000
251.000 228.000 353.000 360.000 299.000 233.000 401.000 358.000
254.000 229.000 352.000 349.000 299.000 231.000 403.000 360.000
249.000 230.000 351.000 361.000 298.000 230.000 404.000 360.000
254.000 226.000 354.000 351.000 298.000 231.000 405.000 363.000
249.000 225.000 358.000 360.000 299.000 232.000 403.000 361.000
246.000 220.000 359.000 362.000 299.000 232.000 403.000 360.000
245.000 221.000 357.000 366.000 299.000 229.000 405.000 363.000
253.000 223.000 356.000 353.000 299.000 230.000 403.000 360.000
252.000 223.000 354.000 356.000 299.000 232.000 403.000 364.000
254.000 225.000 354.000 352.000 297.000 231.000 403.000 361.000
252.000 228.000 349.000 357.000 300.000 231.000 401.000 357.000
252.000 222.000 354.000 354.000 298.000 231.000 403.000 361.000
245.000 221.000 356.000 363.000 301.000 234.000 401.000 355.000
253.000 228.000 351.000 349.000 299.000 233.000 401.000 359.000
246.000 222.000 357.000 360.000 301.000 234.000 401.000 357.000
245.000 224.000 354.000 364.000 300.000 233.000 402.000 356.000
249.000 223.000 356.000 357.000 297.000 228.000 408.000 366.000
248.000 220.000 356.000 356.000 298.000 231.000 401.000 360.000
247.000 226.000 354.000 365.000 299.000 229.000 405.000 360.000
265.000 238.000 338.000 332.000 300.000 232.000 403.000 359.000
249.000 224.000 354.000 361.000 300.000 233.000 402.000 360.000
248.000 229.000 351.000 362.000 298.000 232.000 402.000 359.000
253.000 224.000 354.000 355.000 299.000 232.000 399.000 356.000
251.000 229.000 352.000 360.000 299.000 233.000 401.000 357.000
249.000 228.000 352.000 356.000 299.000 234.000 400.000 357.000
252.000 223.000 354.000 355.000 300.000 233.000 400.000 356.000
254.000 224.000 355.000 355.000 300.000 233.000 401.000 356.000
250.000 228.000 348.000 352.000 299.000 231.000 404.000 361.000
246.000 227.000 353.000 361.000 296.000 227.000 406.000 362.000
251.000 226.000 351.000 352.000 299.000 232.000 401.000 358.000
249.000 227.000 349.000 353.000 298.000 232.000 403.000 364.000
254.000 229.000 353.000 350.000 298.000 231.000 403.000 363.000
245.000 225.000 354.000 363.000 299.000 233.000 401.000 357.000
253.000 227.000 351.000 354.000 299.000 232.000 402.000 361.000
256.000 239.000 341.000 349.000 300.000 232.000 402.000 359.000
253.000 227.000 357.000 358.000 299.000 232.000 405.000 364.000
245.000 224.000 358.000 369.000 303.000 229.000 403.000 355.000
263.000 239.000 338.000 335.000 302.000 231.000 405.000 358.000
252.000 229.000 348.000 355.000 303.000 230.000 409.000 361.000
250.000 226.000 354.000 360.000 300.000 228.000 408.000 361.000
251.000 227.000 353.000 357.000 301.000 230.000 406.000 361.000
254.000 228.000 353.000 354.000 300.000 232.000 403.000 363.000
249.000 227.000 350.000 355.000 300.000 234.000 401.000 358.000
251.000 224.000 357.000 359.000 302.000 232.000 405.000 363.000
249.000 225.000 356.000 360.000 306.000 233.000 401.000 351.000
253.000 230.000 350.000 352.000 300.000 232.000 402.000 356.000
249.000 229.000 352.000 360.000 300.000 231.000 403.000 361.000
248.000 226.000 351.000 358.000 300.000 230.000 402.000 358.000
250.000 230.000 348.000 354.000 297.000 230.000 404.000 362.000
250.000 227.000 348.000 354.000 301.000 229.000 402.000 357.000
248.000 227.000 356.000 364.000 297.000 228.000 406.000 364.000
251.000 229.000 351.000 357.000 301.000 234.000 404.000 365.000
251.000 222.000 356.000 358.000 303.000 229.000 403.000 355.000
248.000 223.000 352.000 358.000 298.000 231.000 402.000 358.000
249.000 228.000 349.000 354.000 301.000 232.000 400.000 355.000
248.000 225.000 351.000 357.000 299.000 233.000 403.000 364.000
249.000 227.000 355.000 366.000 298.000 231.000 401.000 360.000
252.000 231.000 350.000 356.000 300.000 232.000 402.000 359.000
251.000 229.000 353.000 362.000 300.000 231.000 404.000 361.000
251.000 231.000 349.000 358.000 299.000 231.000 404.000 361.000
250.000 228.000 349.000 356.000 297.000 229.000 402.000 358.000
246.000 224.000 351.000 359.000 298.000 231.000 403.000 362.000
249.000 229.000 347.000 356.000 298.000 234.000 400.000 360.000
251.000 228.000 350.000 350.000 296.000 231.000 404.000 364.000
250.000 227.000 355.000 364.000 294.000 222.000 410.000 366.000
256.000 229.000 352.000 347.000 298.000 231.000 404.000 363.000
251.000 228.000 353.000 358.000 298.000 231.000 404.000 362.000
250.000 228.000 352.000 359.000 299.000 234.000 399.000 362.000
244.000 223.000 358.000 371.000 297.000 227.000 407.000 361.000
249.000 225.000 359.000 365.000 303.000 229.000 403.000 355.000
248.000 228.000 353.000 363.000 299.000 234.000 401.000 360.000
244.000 218.000 360.000 365.000 296.000 229.000 403.000 366.000
260.000 239.000 336.000 334.000 298.000 231.000 403.000 360.000
248.000 231.000 350.000 360.000 299.000 233.000 401.000 357.000
246.000 227.000 356.000 363.000 299.000 233.000 401.000 358.000
245.000 226.000 352.000 362.000 298.000 231.000 402.000 360.000
245.000 217.000 364.000 370.000 299.000 232.000 402.000 359.000
251.000 226.000 350.000 352.000 300.000 234.000 402.000 360.000
247.000 224.000 358.000 368.000 298.000 230.000 405.000 362.000
250.000 231.000 349.000 357.000 298.000 233.000 401.000 359.000
256.000 228.000 352.000 348.000 297.000 231.000 403.000 361.000
250.000 228.000 352.000 360.000 298.000 232.000 403.000 364.000
251.000 228.000 350.000 351.000 299.000 232.000 404.000 361.000
252.000 231.000 348.000 355.000 299.000 230.000 405.000 363.000
250.000 231.000 349.000 356.000 297.000 232.000 401.000 361.000
246.000 229.000 350.000 362.000 300.000 235.000 402.000 362.000
249.000 226.000 352.000 359.000 299.000 233.000 401.000 356.000
248.000 230.000 349.000 360.000 297.000 230.000 403.000 361.000
254.000 226.000 354.000 352.000 302.000 231.000 402.000 355.000
249.000 229.000 354.000 360.000 298.000 232.000 401.000 361.000
259.000 238.000 339.000 340.000 298.000 233.000 402.000 361.000
247.000 226.000 351.000 361.000 299.000 232.000 403.000 360.000
263.000 240.000 339.000 337.000 298.000 232.000 403.000 363.000
249.000 226.000 351.000 357.000 300.000 232.000 401.000 358.000
252.000 233.000 347.000 352.000 296.000 226.000 408.000 365.000
262.000 240.000 336.000 338.000 297.000 231.000 401.000 359.000
246.000 225.000 357.000 360.000 299.000 232.000 403.000 363.000
248.000 228.000 352.000 361.000 298.000 232.000 402.000 362.000
250.000 226.000 355.000 356.000 299.000 232.000 403.000 358.000
253.000 226.000 353.000 354.000 300.000 234.000 403.000 363.000
245.000 222.000 356.000 363.000 299.000 234.000 401.000 359.000
254.000 228.000 353.000 353.000 300.000 232.000 402.000 359.000
252.000 230.000 347.000 354.000 298.000 233.000 403.000 362.000
252.000 231.000 349.000 358.000 299.000 233.000 402.000 362.000
256.000 229.000 354.000 349.000 300.000 233.000 405.000 363.000
249.000 229.000 347.000 355.000 300.000 233.000 403.000 359.000
250.000 228.000 352.000 358.000 301.000 231.000 402.000 358.000
251.000 229.000 347.000 351.000 300.000 232.000 404.000 361.000
253.000 232.000 351.000 358.000 301.000 234.000 402.000 360.000
251.000 229.000 348.000 352.000 301.000 233.000 404.000 360.000
255.000 232.000 352.000 355.000 300.000 230.000 406.000 363.000
251.000 229.000 351.000 355.000 299.000 235.000 400.000 362.000
253.000 231.000 350.000 352.000 299.000 232.000 401.000 360.000
252.000 230.000 347.000 351.000 301.000 234.000 402.000 359.000
250.000 230.000 349.000 356.000 300.000 232.000 402.000 361.000
248.000 225.000 354.000 361.000 299.000 232.000 401.000 362.000
252.000 231.000 350.000 358.000 299.000 233.000 401.000 360.000
254.000 235.000 349.000 353.000 298.000 231.000 403.000 362.000
255.000 243.000 341.000 351.000 301.000 235.000 402.000 360.000
249.000 226.000 353.000 356.000 298.000 231.000 403.000 362.000
243.000 229.000 352.000 369.000 298.000 233.000 400.000 361.000
256.000 237.000 340.000 344.000 299.000 234.000 401.000 358.000
249.000 224.000 354.000 356.000 295.000 232.000 404.000 367.000
248.000 224.000 351.000 358.000 298.000 234.000 401.000 357.000
245.000 224.000 349.000 350.000 297.000 233.000 404.000 365.000
250.000 228.000 350.000 355.000 298.000 229.000 401.000 362.000
248.000 229.000 355.000 362.000 301.000 233.000 398.000 356.000
251.000 233.000 352.000 364.000 297.000 229.000 407.000 363.000
247.000 230.000 347.000 357.000 298.000 232.000 402.000 362.000
251.000 229.000 350.000 355.000 294.000 230.000 406.000 370.000
251.000 231.000 344.000 349.000 298.000 230.000 405.000 363.000
246.000 224.000 355.000 363.000 300.000 234.000 402.000 359.000
248.000 229.000 351.000 359.000 297.000 230.000 404.000 362.000
248.000 225.000 351.000 354.000 297.000 233.000 403.000 365.000
251.000 230.000 354.000 359.000 298.000 229.000 406.000 364.000
251.000 230.000 348.000 357.000 299.000 232.000 398.000 361.000
247.000 228.000 351.000 359.000 299.000 232.000 402.000 356.000
246.000 226.000 355.000 361.000 298.000 233.000 400.000 363.000
249.000 231.000 346.000 355.000 297.000 232.000 402.000 366.000
244.000 222.000 357.000 364.000 296.000 229.000 406.000 366.000
250.000 230.000 346.000 351.000 295.000 230.000 401.000 362.000
247.000 229.000 355.000 365.000 299.000 231.000 403.000 358.000
247.000 227.000 352.000 360.000 298.000 233.000 400.000 360.000
251.000 229.000 352.000 357.000 302.000 233.000 400.000 355.000
246.000 226.000 353.000 364.000 297.000 229.000 406.000 365.000
249.000 227.000 351.000 354.000 298.000 234.000 400.000 358.000
250.000 229.000 356.000 363.000 299.000 234.000 402.000 360.000
248.000 226.000 353.000 358.000 298.000 231.000 405.000 363.000
256.000 237.000 342.000 345.000 298.000 231.000 404.000 360.000
249.000 234.000 349.000 361.000 299.000 233.000 402.000 359.000
246.000 229.000 353.000 363.000 298.000 233.000 404.000 361.000
251.000 237.000 347.000 359.000 300.000 234.000 403.000 363.000
250.000 235.000 348.000 359.000 299.000 233.000 402.000 361.000
250.000 229.000 348.000 354.000 299.000 230.000 407.000 363.000
251.000 229.000 351.000 357.000 299.000 230.000 407.000 363.000
262.000 239.000 334.000 334.000 299.000 234.000 401.000 359.000
249.000 232.000 348.000 354.000 299.000 232.000 402.000 358.000
250.000 228.000 351.000 353.000 299.000 233.000 402.000 361.000
254.000 238.000 341.000 349.000 301.000 229.000 402.000 357.000
251.000 231.000 353.000 362.000 295.000 231.000 403.000 369.000
248.000 226.000 352.000 362.000 299.000 232.000 403.000 364.000
252.000 231.000 350.000 361.000 298.000 233.000 401.000 364.000
255.000 241.000 342.000 350.000 296.000 225.000 407.000 362.000
258.000 242.000 336.000 342.000 299.000 232.000 405.000 362.000
252.000 233.000 345.000 351.000 300.000 234.000 400.000 361.000
256.000 237.000 340.000 345.000 299.000 232.000 403.000 360.000
251.000 236.000 353.000 368.000 299.000 233.000 403.000 359.000
248.000 229.000 354.000 359.000 297.000 234.000 402.000 363.000
247.000 226.000 351.000 356.000 298.000 233.000 399.000 358.000
247.000 225.000 352.000 359.000 301.000 236.000 403.000 364.000
253.000 236.000 343.000 351.000 295.000 226.000 409.000 367.000
250.000 228.000 351.000 359.000 299.000 233.000 403.000 362.000
250.000 227.000 356.000 365.000 294.000 231.000 403.000 369.000
250.000 229.000 352.000 363.000 298.000 229.000 402.000 360.000
249.000 231.000 349.000 357.000 300.000 232.000 402.000 357.000
245.000 230.000 355.000 371.000 300.000 231.000 403.000 359.000
247.000 229.000 348.000 359.000 295.000 229.000 403.000 362.000
254.000 230.000 348.000 348.000 298.000 230.000 403.000 361.000
251.000 229.000 349.000 355.000 295.000 231.000 405.000 364.000
248.000 230.000 345.000 352.000 294.000 231.000 400.000 367.000
247.000 226.000 350.000 361.000 299.000 232.000 402.000 358.000
248.000 229.000 347.000 359.000 294.000 228.000 406.000 365.000
248.000 223.000 356.000 361.000 295.000 229.000 405.000 366.000
248.000 230.000 347.000 358.000 293.000 230.000 403.000 369.000
248.000 227.000 355.000 359.000 295.000 228.000 406.000 363.000
248.000 231.000 348.000 359.000 295.000 231.000 403.000 361.000
243.000 227.000 356.000 371.000 297.000 228.000 404.000 362.000
248.000 231.000 348.000 359.000 301.000 230.000 404.000 358.000
249.000 230.000 350.000 359.000 295.000 228.000 406.000 365.000
250.000 230.000 348.000 354.000 297.000 230.000 405.000 363.000
250.000 231.000 347.000 357.000 296.000 232.000 402.000 361.000
251.000 229.000 352.000 359.000 299.000 232.000 403.000 360.000
253.000 234.000 349.000 356.000 298.000 233.000 403.000 366.000
248.000 227.000 350.000 351.000 296.000 228.000 402.000 359.000
248.000 228.000 350.000 360.000 297.000 230.000 404.000 363.000
253.000 232.000 350.000 356.000 295.000 231.000 403.000 367.000
246.000 224.000 356.000 362.000 296.000 229.000 404.000 363.000
250.000 232.000 348.000 355.000 298.000 229.000 402.000 358.000
250.000 224.000 358.000 362.000 296.000 231.000 401.000 362.000
251.000 230.000 351.000 360.000 294.000 229.000 407.000 370.000
248.000 228.000 348.000 357.000 297.000 228.000 405.000 363.000
245.000 223.000 354.000 363.000 299.000 231.000 402.000 356.000
249.000 230.000 345.000 355.000 296.000 228.000 405.000 364.000
245.000 228.000 354.000 367.000 295.000 229.000 404.000 365.000
248.000 228.000 347.000 358.000 301.000 238.000 388.000 350.000
244.000 227.000 356.000 370.000 299.000 233.000 401.000 358.000
248.000 228.000 348.000 355.000 293.000 226.000 408.000 370.000
248.000 230.000 349.000 360.000 293.000 226.000 407.000 366.000
248.000 232.000 345.000 358.000 293.000 228.000 403.000 366.000
245.000 230.000 346.000 361.000 298.000 233.000 395.000 355.000
246.000 226.000 349.000 359.000 293.000 229.000 404.000 370.000
246.000 235.000 344.000 364.000 297.000 229.000 404.000 360.000
243.000 228.000 353.000 371.000 297.000 228.000 406.000 363.000
247.000 236.000 337.000 355.000 297.000 229.000 401.000 359.000
244.000 228.000 353.000 364.000 297.000 232.000 401.000 359.000
245.000 229.000 344.000 360.000 296.000 230.000 404.000 361.000
246.000 225.000 350.000 361.000 297.000 227.000 407.000 362.000
246.000 228.000 346.000 359.000 297.000 231.000 401.000 360.000
242.000 223.000 351.000 363.000 298.000 230.000 405.000 357.000
247.000 223.000 355.000 358.000 295.000 231.000 401.000 362.000
245.000 228.000 349.000 357.000 298.000 234.000 395.000 356.000
246.000 228.000 351.000 363.000 298.000 229.000 401.000 359.000
240.000 220.000 354.000 365.000 295.000 229.000 399.000 358.000
246.000 226.000 352.000 359.000 296.000 228.000 407.000 361.000
243.000 223.000 350.000 364.000 293.000 228.000 399.000 360.000
244.000 228.000 348.000 362.000 294.000 229.000 401.000 360.000
247.000 230.000 347.000 358.000 295.000 227.000 405.000 363.000
248.000 229.000 350.000 358.000 295.000 228.000 402.000 361.000
242.000 224.000 354.000 364.000 297.000 230.000 401.000 360.000
247.000 228.000 350.000 359.000 297.000 231.000 400.000 357.000
244.000 226.000 349.000 361.000 296.000 230.000 398.000 357.000
246.000 226.000 351.000 359.000 297.000 229.000 401.000 359.000
243.000 226.000 350.000 363.000 295.000 227.000 402.000 359.000
247.000 234.000 345.000 358.000 291.000 224.000 405.000 366.000
244.000 230.000 347.000 363.000 298.000 231.000 400.000 358.000
247.000 228.000 345.000 356.000 295.000 232.000 394.000 360.000
242.000 227.000 349.000 364.000 294.000 227.000 400.000 359.000
250.000 230.000 346.000 350.000 295.000 232.000 397.000 356.000
242.000 230.000 346.000 365.000 297.000 232.000 399.000 358.000
243.000 228.000 351.000 364.000 295.000 233.000 397.000 360.000
245.000 226.000 349.000 364.000 295.000 225.000 407.000 361.000
247.000 236.000 345.000 358.000 294.000 231.000 397.000 357.000
248.000 227.000 352.000 362.000 295.000 231.000 401.000 362.000
244.000 227.000 348.000 363.000 297.000 229.000 400.000 357.000
