265.000 236.000 362.000 357.000 309.000 241.000 412.000 372.000
267.000 243.000 359.000 361.000 310.000 241.000 409.000 368.000
264.000 240.000 358.000 359.000 310.000 245.000 408.000 368.000
262.000 235.000 363.000 363.000 311.000 242.000 409.000 365.000
266.000 244.000 359.000 363.000 310.000 243.000 409.000 370.000
265.000 244.000 362.000 371.000 311.000 244.000 404.000 362.000
264.000 234.000 365.000 363.000 312.000 243.000 410.000 362.000
265.000 242.000 359.000 364.000 310.000 242.000 411.000 369.000
265.000 244.000 362.000 367.000 311.000 245.000 405.000 365.000
266.000 243.000 360.000 362.000 310.000 244.000 409.000 368.000
261.000 237.000 362.000 367.000 310.000 244.000 410.000 370.000
265.000 239.000 358.000 356.000 312.000 245.000 404.000 362.000
269.000 246.000 358.000 357.000 311.000 244.000 408.000 363.000
262.000 236.000 367.000 371.000 311.000 243.000 410.000 369.000
262.000 232.000 368.000 365.000 311.000 244.000 406.000 364.000
265.000 240.000 362.000 362.000 311.000 243.000 405.000 366.000
265.000 244.000 357.000 360.000 310.000 244.000 406.000 367.000
261.000 238.000 360.000 363.000 311.000 245.000 403.000 362.000
261.000 231.000 370.000 369.000 311.000 242.000 409.000 367.000
268.000 246.000 360.000 362.000 310.000 243.000 407.000 367.000
261.000 235.000 365.000 366.000 311.000 242.000 407.000 365.000
261.000 232.000 365.000 365.000 310.000 244.000 409.000 368.000
265.000 247.000 359.000 368.000 311.000 242.000 410.000 369.000
262.000 238.000 365.000 368.000 309.000 243.000 405.000 366.000
264.000 239.000 362.000 363.000 309.000 242.000 410.000 370.000
263.000 236.000 365.000 367.000 311.000 245.000 405.000 365.000
262.000 236.000 365.000 369.000 312.000 244.000 407.000 366.000
263.000 234.000 367.000 363.000 310.000 243.000 409.000 368.000
262.000 238.000 364.000 367.000 313.000 247.000 401.000 360.000
262.000 232.000 368.000 367.000 311.000 245.000 404.000 364.000
263.000 238.000 361.000 364.000 311.000 244.000 404.000 363.000
262.000 238.000 363.000 365.000 312.000 247.000 401.000 360.000
263.000 236.000 365.000 364.000 310.000 243.000 408.000 366.000
263.000 237.000 364.000 363.000 310.000 245.000 406.000 367.000
263.000 235.000 362.000 359.000 308.000 244.000 408.000 370.000
264.000 244.000 361.000 368.000 312.000 245.000 404.000 362.000
261.000 235.000 362.000 363.000 311.000 246.000 403.000 362.000
261.000 234.000 365.000 363.000 309.000 244.000 407.000 368.000
264.000 240.000 357.000 358.000 309.000 243.000 409.000 365.000
261.000 236.000 363.000 366.000 310.000 243.000 409.000 369.000
264.000 236.000 364.000 363.000 308.000 239.000 413.000 370.000
261.000 235.000 365.000 365.000 310.000 244.000 407.000 368.000
262.000 232.000 366.000 364.000 311.000 244.000 404.000 362.000
263.000 238.000 360.000 364.000 310.000 243.000 410.000 370.000
260.000 238.000 363.000 370.000 310.000 239.000 410.000 363.000
262.000 235.000 363.000 362.000 312.000 247.000 403.000 362.000
261.000 237.000 366.000 371.000 309.000 243.000 409.000 370.000
261.000 234.000 365.000 363.000 310.000 242.000 411.000 370.000
260.000 235.000 367.000 371.000 311.000 245.000 403.000 364.000
263.000 236.000 362.000 361.000 312.000 244.000 403.000 361.000
263.000 235.000 363.000 361.000 310.000 244.000 404.000 363.000
262.000 233.000 364.000 363.000 310.000 245.000 407.000 370.000
262.000 233.000 367.000 365.000 310.000 242.000 411.000 370.000
262.000 236.000 364.000 366.000 310.000 244.000 409.000 369.000
261.000 236.000 364.000 364.000 310.000 247.000 401.000 362.000
263.000 247.000 359.000 371.000 309.000 245.000 402.000 365.000
261.000 232.000 366.000 364.000 312.000 244.000 405.000 364.000
261.000 233.000 364.000 364.000 310.000 244.000 403.000 364.000
265.000 244.000 360.000 362.000 308.000 237.000 411.000 368.000
261.000 233.000 364.000 365.000 308.000 240.000 413.000 371.000
261.000 234.000 364.000 362.000 309.000 244.000 405.000 365.000
263.000 235.000 365.000 360.000 310.000 247.000 401.000 362.000
267.000 247.000 360.000 365.000 310.000 247.000 401.000 362.000
263.000 236.000 360.000 356.000 310.000 246.000 403.000 365.000
262.000 235.000 364.000 361.000 311.000 245.000 401.000 361.000
262.000 234.000 366.000 363.000 309.000 244.000 407.000 367.000
262.000 233.000 364.000 361.000 309.000 242.000 411.000 372.000
261.000 234.000 364.000 365.000 308.000 241.000 413.000 374.000
261.000 234.000 361.000 362.000 312.000 241.000 414.000 363.000
263.000 235.000 363.000 361.000 310.000 241.000 413.000 367.000
261.000 237.000 360.000 362.000 308.000 244.000 408.000 371.000
261.000 237.000 360.000 362.000 310.000 241.000 409.000 368.000
263.000 234.000 367.000 365.000 311.000 243.000 411.000 367.000
263.000 236.000 362.000 358.000 311.000 244.000 404.000 363.000
261.000 234.000 368.000 369.000 310.000 246.000 404.000 366.000
267.000 245.000 358.000 356.000 310.000 246.000 404.000 366.000
262.000 233.000 367.000 365.000 309.000 242.000 410.000 370.000
260.000 237.000 365.000 370.000 311.000 247.000 402.000 363.000
262.000 234.000 366.000 364.000 311.000 247.000 401.000 361.000
261.000 237.000 363.000 369.000 313.000 247.000 401.000 360.000
262.000 237.000 364.000 364.000 312.000 246.000 404.000 362.000
263.000 235.000 365.000 362.000 311.000 245.000 402.000 361.000
262.000 235.000 366.000 363.000 308.000 243.000 409.000 372.000
262.000 238.000 364.000 367.000 311.000 245.000 403.000 362.000
262.000 234.000 363.000 363.000 311.000 244.000 405.000 363.000
261.000 237.000 363.000 367.000 311.000 245.000 407.000 367.000
264.000 235.000 362.000 359.000 311.000 246.000 403.000 364.000
261.000 234.000 366.000 366.000 311.000 246.000 401.000 362.000
262.000 235.000 367.000 366.000 312.000 243.000 406.000 359.000
260.000 234.000 365.000 365.000 309.000 244.000 407.000 369.000
262.000 234.000 363.000 362.000 310.000 243.000 405.000 366.000
263.000 235.000 367.000 365.000 309.000 240.000 411.000 367.000
265.000 236.000 364.000 359.000 309.000 241.000 410.000 368.000
259.000 237.000 365.000 371.000 310.000 243.000 411.000 367.000
261.000 234.000 369.000 368.000 312.000 245.000 404.000 364.000
265.000 235.000 363.000 355.000 310.000 244.000 409.000 368.000
262.000 239.000 361.000 366.000 309.000 243.000 409.000 369.000
262.000 237.000 362.000 362.000 311.000 245.000 406.000 362.000
261.000 237.000 365.000 368.000 310.000 247.000 402.000 364.000
260.000 238.000 363.000 369.000 310.000 244.000 407.000 368.000
262.000 240.000 360.000 366.000 309.000 244.000 408.000 371.000
261.000 235.000 364.000 364.000 311.000 244.000 410.000 368.000
265.000 235.000 365.000 360.000 311.000 246.000 404.000 365.000
263.000 235.000 361.000 359.000 308.000 239.000 412.000 368.000
262.000 235.000 366.000 365.000 311.000 243.000 410.000 365.000
262.000 238.000 360.000 360.000 310.000 242.000 409.000 368.000
262.000 236.000 364.000 363.000 310.000 245.000 407.000 366.000
260.000 236.000 361.000 364.000 306.000 239.000 410.000 370.000
261.000 238.000 361.000 363.000 308.000 242.000 410.000 368.000
262.000 235.000 362.000 361.000 311.000 243.000 410.000 365.000
262.000 235.000 362.000 360.000 311.000 246.000 406.000 363.000
263.000 236.000 363.000 362.000 308.000 243.000 406.000 369.000
262.000 235.000 364.000 362.000 309.000 245.000 408.000 366.000
260.000 234.000 367.000 367.000 310.000 243.000 409.000 366.000
263.000 235.000 362.000 357.000 311.000 244.000 407.000 362.000
259.000 234.000 364.000 365.000 310.000 241.000 411.000 367.000
264.000 237.000 363.000 359.000 311.000 246.000 406.000 365.000
259.000 236.000 362.000 365.000 308.000 242.000 411.000 370.000
263.000 240.000 355.000 357.000 309.000 242.000 408.000 368.000
261.000 238.000 361.000 363.000 308.000 242.000 410.000 370.000
260.000 236.000 360.000 360.000 308.000 244.000 408.000 370.000
263.000 238.000 361.000 357.000 308.000 241.000 408.000 367.000
263.000 241.000 352.000 359.000 309.000 242.000 408.000 366.000
260.000 234.000 363.000 364.000 308.000 241.000 409.000 368.000
263.000 236.000 361.000 359.000 308.000 241.000 408.000 369.000
265.000 244.000 352.000 357.000 307.000 242.000 405.000 365.000
261.000 238.000 361.000 362.000 309.000 243.000 409.000 368.000
261.000 235.000 362.000 363.000 309.000 243.000 409.000 368.000
258.000 238.000 363.000 370.000 306.000 239.000 408.000 369.000
260.000 235.000 362.000 362.000 307.000 241.000 407.000 367.000
260.000 234.000 360.000 363.000 306.000 244.000 403.000 363.000
263.000 239.000 358.000 359.000 309.000 242.000 404.000 364.000
259.000 239.000 358.000 363.000 309.000 244.000 401.000 361.000
262.000 239.000 362.000 359.000 307.000 243.000 404.000 365.000
262.000 238.000 360.000 366.000 309.000 242.000 407.000 366.000
262.000 236.000 360.000 359.000 308.000 243.000 405.000 366.000
259.000 236.000 360.000 365.000 309.000 246.000 404.000 363.000
263.000 241.000 352.000 356.000 309.000 244.000 404.000 364.000
260.000 235.000 364.000 364.000 308.000 243.000 408.000 369.000
261.000 234.000 365.000 364.000 308.000 240.000 411.000 367.000
260.000 237.000 361.000 362.000 306.000 241.000 409.000 368.000
262.000 235.000 364.000 361.000 308.000 240.000 412.000 369.000
264.000 243.000 357.000 360.000 308.000 242.000 407.000 369.000
263.000 237.000 362.000 359.000 311.000 243.000 409.000 366.000
262.000 234.000 366.000 364.000 310.000 243.000 410.000 367.000
262.000 236.000 364.000 364.000 310.000 246.000 404.000 365.000
263.000 236.000 364.000 363.000 308.000 243.000 409.000 372.000
263.000 235.000 363.000 358.000 311.000 244.000 407.000 363.000
265.000 237.000 362.000 356.000 307.000 239.000 410.000 369.000
259.000 238.000 363.000 367.000 309.000 240.000 412.000 367.000
259.000 236.000 364.000 369.000 309.000 241.000 410.000 369.000
261.000 234.000 367.000 364.000 312.000 243.000 409.000 365.000
259.000 236.000 365.000 371.000 311.000 241.000 412.000 368.000
261.000 234.000 367.000 365.000 309.000 246.000 403.000 367.000
259.000 237.000 365.000 372.000 310.000 243.000 407.000 366.000
259.000 238.000 364.000 372.000 308.000 243.000 409.000 370.000
265.000 237.000 363.000 355.000 310.000 244.000 403.000 363.000
262.000 234.000 367.000 363.000 309.000 244.000 404.000 365.000
267.000 246.000 358.000 359.000 312.000 244.000 405.000 363.000
263.000 234.000 364.000 360.000 309.000 241.000 412.000 372.000
263.000 234.000 362.000 358.000 311.000 247.000 402.000 363.000
260.000 240.000 360.000 367.000 310.000 246.000 401.000 361.000
265.000 242.000 360.000 361.000 310.000 244.000 406.000 368.000
262.000 233.000 363.000 361.000 310.000 245.000 403.000 363.000
265.000 245.000 353.000 352.000 309.000 240.000 412.000 367.000
261.000 241.000 361.000 370.000 309.000 243.000 404.000 365.000
262.000 241.000 357.000 359.000 310.000 242.000 409.000 368.000
265.000 241.000 354.000 358.000 308.000 240.000 410.000 369.000
260.000 240.000 362.000 373.000 309.000 242.000 409.000 369.000
263.000 245.000 356.000 363.000 311.000 244.000 408.000 366.000
262.000 243.000 360.000 368.000 308.000 243.000 407.000 370.000
259.000 235.000 362.000 369.000 310.000 247.000 398.000 360.000
265.000 240.000 355.000 356.000 310.000 242.000 412.000 368.000
261.000 243.000 361.000 372.000 309.000 243.000 409.000 369.000
260.000 238.000 363.000 365.000 311.000 247.000 400.000 359.000
263.000 239.000 356.000 355.000 310.000 240.000 412.000 367.000
267.000 241.000 352.000 346.000 311.000 245.000 402.000 361.000
258.000 237.000 362.000 369.000 308.000 238.000 408.000 365.000
264.000 244.000 358.000 362.000 309.000 246.000 402.000 365.000
258.000 236.000 364.000 370.000 310.000 244.000 403.000 364.000
260.000 238.000 363.000 368.000 309.000 246.000 404.000 366.000
265.000 240.000 357.000 358.000 310.000 244.000 402.000 362.000
261.000 239.000 360.000 365.000 308.000 240.000 413.000 370.000
263.000 241.000 362.000 365.000 308.000 243.000 408.000 370.000
265.000 241.000 355.000 355.000 309.000 246.000 402.000 365.000
259.000 236.000 361.000 365.000 310.000 245.000 405.000 367.000
261.000 242.000 362.000 370.000 309.000 246.000 402.000 366.000
260.000 237.000 365.000 370.000 308.000 242.000 408.000 370.000
267.000 242.000 350.000 350.000 310.000 247.000 402.000 366.000
259.000 235.000 362.000 366.000 311.000 248.000 400.000 361.000
262.000 234.000 365.000 363.000 310.000 244.000 405.000 367.000
258.000 236.000 363.000 371.000 311.000 243.000 411.000 368.000
260.000 238.000 364.000 371.000 310.000 245.000 406.000 367.000
261.000 236.000 361.000 365.000 307.000 240.000 411.000 372.000
260.000 235.000 360.000 361.000 307.000 242.000 410.000 371.000
261.000 237.000 361.000 364.000 307.000 241.000 406.000 365.000
258.000 242.000 356.000 368.000 309.000 240.000 409.000 365.000
259.000 237.000 359.000 364.000 310.000 240.000 406.000 363.000
270.000 250.000 348.000 350.000 306.000 243.000 404.000 364.000
261.000 245.000 358.000 371.000 310.000 249.000 392.000 355.000
263.000 242.000 360.000 361.000 308.000 247.000 402.000 363.000
264.000 245.000 354.000 360.000 308.000 243.000 407.000 366.000
264.000 247.000 353.000 358.000 305.000 240.000 408.000 367.000
260.000 242.000 358.000 366.000 307.000 244.000 404.000 365.000
259.000 240.000 353.000 357.000 310.000 246.000 404.000 365.000
262.000 243.000 353.000 356.000 310.000 244.000 405.000 364.000
264.000 244.000 358.000 365.000 307.000 242.000 405.000 362.000
259.000 239.000 358.000 364.000 306.000 243.000 404.000 368.000
258.000 239.000 361.000 370.000 307.000 242.000 407.000 367.000
262.000 236.000 363.000 363.000 310.000 244.000 403.000 361.000
262.000 237.000 361.000 362.000 310.000 243.000 409.000 368.000
261.000 234.000 367.000 365.000 308.000 240.000 410.000 369.000
264.000 237.000 360.000 358.000 311.000 244.000 407.000 365.000
260.000 234.000 368.000 369.000 310.000 243.000 409.000 367.000
262.000 235.000 365.000 364.000 309.000 242.000 409.000 366.000
261.000 234.000 365.000 364.000 311.000 244.000 408.000 366.000
261.000 235.000 362.000 362.000 311.000 243.000 409.000 367.000
260.000 234.000 362.000 363.000 308.000 243.000 410.000 370.000
261.000 236.000 362.000 362.000 307.000 240.000 410.000 369.000
259.000 238.000 360.000 364.000 311.000 245.000 407.000 365.000
260.000 235.000 361.000 362.000 310.000 245.000 408.000 367.000
261.000 234.000 361.000 361.000 307.000 245.000 405.000 371.000
261.000 234.000 366.000 366.000 308.000 240.000 412.000 371.000
263.000 243.000 351.000 355.000 308.000 240.000 408.000 365.000
261.000 236.000 361.000 360.000 309.000 243.000 410.000 368.000
262.000 238.000 360.000 360.000 310.000 243.000 409.000 366.000
262.000 236.000 361.000 359.000 307.000 241.000 411.000 370.000
259.000 239.000 356.000 363.000 306.000 241.000 410.000 371.000
259.000 236.000 362.000 366.000 307.000 241.000 409.000 369.000
261.000 237.000 364.000 363.000 310.000 245.000 406.000 364.000
262.000 242.000 353.000 356.000 308.000 242.000 402.000 363.000
272.000 252.000 351.000 349.000 306.000 240.000 409.000 369.000
258.000 236.000 363.000 365.000 307.000 245.000 404.000 364.000
265.000 246.000 360.000 365.000 305.000 240.000 410.000 371.000
266.000 245.000 357.000 358.000 307.000 242.000 407.000 365.000
259.000 236.000 360.000 362.000 306.000 240.000 409.000 370.000
258.000 236.000 362.000 367.000 307.000 240.000 408.000 364.000
261.000 242.000 347.000 353.000 309.000 242.000 405.000 362.000
260.000 234.000 362.000 362.000 308.000 243.000 405.000 365.000
263.000 243.000 350.000 358.000 309.000 242.000 409.000 366.000
258.000 235.000 361.000 365.000 308.000 239.000 405.000 363.000
263.000 243.000 350.000 357.000 310.000 244.000 405.000 364.000
263.000 242.000 350.000 357.000 307.000 242.000 408.000 368.000
261.000 241.000 364.000 369.000 308.000 243.000 407.000 367.000
260.000 235.000 362.000 363.000 308.000 241.000 407.000 364.000
260.000 237.000 361.000 360.000 307.000 239.000 411.000 368.000
258.000 237.000 361.000 368.000 307.000 240.000 411.000 368.000
260.000 240.000 360.000 367.000 307.000 241.000 410.000 369.000
262.000 236.000 362.000 363.000 308.000 242.000 406.000 365.000
257.000 239.000 360.000 370.000 308.000 241.000 409.000 367.000
260.000 238.000 361.000 365.000 310.000 243.000 409.000 366.000
256.000 236.000 362.000 371.000 306.000 241.000 409.000 370.000
260.000 233.000 368.000 369.000 309.000 242.000 408.000 366.000
261.000 235.000 362.000 363.000 307.000 241.000 408.000 368.000
262.000 235.000 365.000 362.000 310.000 243.000 409.000 367.000
261.000 235.000 362.000 363.000 310.000 248.000 401.000 364.000
262.000 236.000 366.000 366.000 310.000 242.000 410.000 368.000
264.000 238.000 361.000 355.000 307.000 243.000 410.000 372.000
261.000 236.000 362.000 362.000 307.000 240.000 412.000 372.000
260.000 236.000 363.000 365.000 308.000 242.000 408.000 368.000
257.000 238.000 363.000 373.000 310.000 243.000 406.000 365.000
263.000 236.000 362.000 357.000 308.000 242.000 410.000 369.000
260.000 239.000 363.000 369.000 309.000 244.000 407.000 367.000
258.000 241.000 360.000 369.000 309.000 243.000 410.000 370.000
259.000 234.000 364.000 368.000 307.000 242.000 404.000 365.000
261.000 240.000 361.000 367.000 308.000 243.000 406.000 365.000
263.000 244.000 356.000 361.000 306.000 240.000 404.000 365.000
265.000 245.000 356.000 361.000 308.000 243.000 407.000 364.000
260.000 236.000 360.000 361.000 307.000 243.000 406.000 364.000
263.000 239.000 360.000 358.000 306.000 242.000 406.000 367.000
260.000 236.000 362.000 365.000 306.000 242.000 408.000 370.000
259.000 238.000 362.000 366.000 310.000 245.000 405.000 364.000
261.000 236.000 362.000 363.000 306.000 241.000 407.000 367.000
263.000 240.000 361.000 361.000 310.000 244.000 408.000 366.000
263.000 241.000 359.000 362.000 311.000 243.000 409.000 366.000
260.000 237.000 361.000 362.000 310.000 244.000 408.000 364.000
261.000 238.000 364.000 365.000 309.000 243.000 408.000 366.000
260.000 235.000 362.000 363.000 309.000 246.000 405.000 362.000
261.000 238.000 362.000 362.000 310.000 244.000 410.000 368.000
259.000 237.000 360.000 363.000 308.000 243.000 408.000 365.000
260.000 235.000 365.000 366.000 307.000 242.000 407.000 367.000
260.000 236.000 363.000 365.000 309.000 243.000 408.000 366.000
260.000 234.000 366.000 367.000 307.000 243.000 408.000 367.000
258.000 237.000 362.000 366.000 312.000 247.000 405.000 363.000
264.000 244.000 356.000 362.000 307.000 243.000 405.000 366.000
261.000 242.000 356.000 359.000 308.000 244.000 406.000 366.000
264.000 244.000 354.000 359.000 308.000 245.000 402.000 362.000
258.000 237.000 363.000 370.000 305.000 240.000 409.000 371.000
259.000 238.000 362.000 365.000 308.000 242.000 406.000 365.000
258.000 235.000 363.000 368.000 307.000 243.000 407.000 368.000
259.000 236.000 364.000 367.000 308.000 243.000 409.000 372.000
261.000 236.000 364.000 363.000 309.000 243.000 409.000 368.000
260.000 235.000 364.000 368.000 310.000 242.000 411.000 368.000
261.000 237.000 362.000 361.000 306.000 243.000 408.000 371.000
259.000 240.000 362.000 367.000 308.000 241.000 406.000 364.000
259.000 236.000 363.000 366.000 308.000 241.000 407.000 366.000
261.000 235.000 366.000 365.000 309.000 244.000 407.000 367.000
259.000 237.000 360.000 363.000 307.000 242.000 407.000 366.000
261.000 236.000 363.000 363.000 307.000 242.000 408.000 368.000
262.000 238.000 355.000 357.000 307.000 238.000 408.000 364.000
