270.000 247.000 356.000 359.000 312.000 245.000 407.000 363.000
266.000 243.000 357.000 358.000 315.000 252.000 395.000 354.000
270.000 246.000 359.000 359.000 314.000 251.000 396.000 355.000
264.000 244.000 363.000 369.000 316.000 252.000 396.000 353.000
268.000 245.000 358.000 360.000 312.000 246.000 405.000 363.000
266.000 246.000 356.000 359.000 312.000 248.000 405.000 364.000
263.000 245.000 360.000 369.000 313.000 251.000 395.000 356.000
268.000 248.000 354.000 358.000 311.000 244.000 409.000 365.000
269.000 245.000 357.000 357.000 311.000 246.000 405.000 361.000
266.000 249.000 357.000 366.000 312.000 250.000 396.000 356.000
267.000 244.000 356.000 355.000 312.000 248.000 401.000 359.000
267.000 246.000 358.000 363.000 310.000 248.000 400.000 360.000
266.000 247.000 358.000 361.000 311.000 247.000 399.000 356.000
264.000 248.000 352.000 363.000 309.000 247.000 400.000 361.000
268.000 251.000 357.000 360.000 311.000 251.000 395.000 358.000
267.000 250.000 351.000 355.000 309.000 250.000 393.000 357.000
262.000 246.000 356.000 363.000 311.000 253.000 395.000 359.000
265.000 250.000 351.000 361.000 308.000 249.000 396.000 363.000
265.000 250.000 349.000 354.000 311.000 253.000 391.000 354.000
262.000 244.000 356.000 360.000 309.000 251.000 397.000 363.000
261.000 242.000 357.000 363.000 307.000 250.000 395.000 363.000
260.000 241.000 355.000 360.000 308.000 252.000 395.000 362.000
262.000 249.000 353.000 365.000 308.000 250.000 398.000 366.000
262.000 248.000 353.000 362.000 309.000 251.000 394.000 360.000
263.000 243.000 354.000 360.000 305.000 248.000 401.000 369.000
260.000 247.000 354.000 366.000 308.000 251.000 392.000 361.000
258.000 247.000 354.000 369.000 307.000 251.000 396.000 363.000
262.000 246.000 351.000 357.000 304.000 249.000 399.000 367.000
263.000 244.000 356.000 363.000 307.000 252.000 394.000 364.000
259.000 246.000 355.000 367.000 310.000 252.000 400.000 361.000
262.000 245.000 355.000 364.000 308.000 250.000 400.000 362.000
260.000 247.000 354.000 364.000 306.000 249.000 399.000 364.000
264.000 251.000 352.000 361.000 306.000 250.000 400.000 363.000
261.000 247.000 354.000 366.000 306.000 250.000 400.000 366.000
264.000 251.000 349.000 355.000 304.000 249.000 401.000 369.000
260.000 242.000 355.000 364.000 307.000 250.000 399.000 362.000
259.000 244.000 356.000 365.000 307.000 247.000 404.000 363.000
264.000 247.000 355.000 361.000 306.000 249.000 395.000 361.000
261.000 246.000 353.000 362.000 307.000 248.000 403.000 369.000
261.000 246.000 353.000 363.000 305.000 252.000 399.000 367.000
263.000 249.000 353.000 363.000 308.000 250.000 395.000 363.000
262.000 246.000 357.000 369.000 308.000 250.000 394.000 360.000
263.000 248.000 356.000 367.000 309.000 251.000 397.000 363.000
267.000 252.000 350.000 355.000 309.000 253.000 393.000 359.000
262.000 245.000 354.000 359.000 309.000 250.000 400.000 363.000
263.000 248.000 357.000 367.000 305.000 250.000 399.000 368.000
263.000 248.000 354.000 360.000 309.000 251.000 394.000 360.000
263.000 246.000 355.000 360.000 309.000 253.000 392.000 360.000
261.000 243.000 356.000 364.000 306.000 252.000 398.000 366.000
264.000 246.000 354.000 358.000 308.000 251.000 393.000 360.000
259.000 246.000 355.000 366.000 311.000 253.000 390.000 356.000
261.000 245.000 352.000 362.000 307.000 251.000 396.000 365.000
263.000 249.000 351.000 359.000 307.000 250.000 398.000 366.000
264.000 245.000 355.000 363.000 309.000 253.000 393.000 362.000
261.000 243.000 356.000 362.000 309.000 252.000 393.000 361.000
262.000 247.000 351.000 361.000 306.000 250.000 399.000 366.000
261.000 243.000 355.000 360.000 309.000 252.000 392.000 359.000
261.000 241.000 356.000 362.000 309.000 250.000 400.000 362.000
264.000 250.000 356.000 367.000 307.000 252.000 393.000 362.000
265.000 243.000 354.000 354.000 308.000 250.000 398.000 361.000
262.000 244.000 356.000 363.000 307.000 251.000 394.000 362.000
264.000 249.000 346.000 350.000 308.000 251.000 398.000 362.000
260.000 245.000 353.000 364.000 306.000 251.000 397.000 366.000
259.000 244.000 356.000 369.000 307.000 250.000 400.000 364.000
260.000 242.000 356.000 363.000 305.000 250.000 400.000 369.000
261.000 250.000 351.000 363.000 306.000 250.000 400.000 368.000
260.000 244.000 356.000 364.000 307.000 248.000 402.000 365.000
262.000 248.000 355.000 367.000 308.000 251.000 392.000 360.000
262.000 246.000 354.000 360.000 308.000 252.000 394.000 362.000
265.000 249.000 351.000 357.000 308.000 252.000 393.000 361.000
260.000 246.000 354.000 362.000 306.000 250.000 395.000 364.000
260.000 247.000 354.000 367.000 307.000 249.000 398.000 367.000
261.000 244.000 356.000 363.000 305.000 249.000 398.000 366.000
264.000 248.000 355.000 360.000 308.000 249.000 400.000 364.000
262.000 250.000 352.000 365.000 305.000 249.000 400.000 366.000
261.000 249.000 353.000 366.000 307.000 249.000 401.000 368.000
262.000 246.000 354.000 366.000 307.000 250.000 395.000 362.000
261.000 247.000 350.000 358.000 306.000 248.000 401.000 365.000
260.000 245.000 355.000 364.000 305.000 248.000 400.000 367.000
260.000 247.000 353.000 367.000 309.000 250.000 396.000 358.000
262.000 245.000 353.000 361.000 306.000 249.000 398.000 364.000
257.000 244.000 355.000 370.000 304.000 248.000 399.000 366.000
259.000 246.000 352.000 365.000 304.000 250.000 398.000 365.000
260.000 246.000 353.000 366.000 308.000 249.000 399.000 361.000
258.000 245.000 351.000 363.000 304.000 249.000 397.000 366.000
260.000 247.000 353.000 366.000 306.000 248.000 399.000 363.000
259.000 247.000 352.000 367.000 307.000 251.000 398.000 362.000
260.000 247.000 352.000 361.000 306.000 247.000 401.000 366.000
260.000 247.000 353.000 365.000 307.000 250.000 402.000 364.000
261.000 249.000 352.000 364.000 307.000 249.000 399.000 362.000
262.000 248.000 351.000 362.000 307.000 250.000 398.000 362.000
263.000 245.000 351.000 358.000 305.000 249.000 400.000 365.000
265.000 252.000 344.000 353.000 306.000 249.000 400.000 363.000
257.000 246.000 354.000 369.000 306.000 250.000 398.000 364.000
258.000 246.000 353.000 369.000 307.000 252.000 388.000 355.000
260.000 246.000 354.000 367.000 306.000 248.000 402.000 366.000
263.000 250.000 351.000 361.000 309.000 250.000 399.000 360.000
258.000 248.000 352.000 371.000 307.000 252.000 396.000 360.000
262.000 247.000 353.000 362.000 306.000 249.000 396.000 359.000
260.000 249.000 352.000 365.000 310.000 253.000 393.000 354.000
259.000 245.000 354.000 365.000 305.000 248.000 400.000 366.000
260.000 250.000 348.000 361.000 305.000 248.000 401.000 365.000
261.000 249.000 353.000 366.000 306.000 249.000 400.000 364.000
259.000 245.000 354.000 367.000 303.000 248.000 397.000 366.000
261.000 249.000 351.000 361.000 306.000 248.000 401.000 365.000
262.000 250.000 351.000 362.000 305.000 249.000 400.000 364.000
261.000 249.000 347.000 357.000 306.000 249.000 400.000 362.000
261.000 249.000 354.000 367.000 306.000 250.000 398.000 364.000
260.000 246.000 351.000 362.000 305.000 249.000 399.000 362.000
260.000 249.000 353.000 367.000 305.000 250.000 398.000 363.000
260.000 248.000 351.000 361.000 304.000 249.000 399.000 368.000
258.000 244.000 352.000 360.000 306.000 250.000 399.000 363.000
262.000 249.000 348.000 356.000 305.000 249.000 399.000 365.000
260.000 243.000 350.000 358.000 307.000 251.000 400.000 364.000
260.000 249.000 347.000 363.000 308.000 251.000 400.000 362.000
260.000 248.000 350.000 359.000 306.000 247.000 403.000 365.000
262.000 251.000 347.000 356.000 304.000 248.000 399.000 365.000
260.000 250.000 351.000 363.000 306.000 250.000 398.000 363.000
262.000 250.000 349.000 359.000 306.000 250.000 398.000 363.000
257.000 246.000 354.000 367.000 306.000 249.000 397.000 362.000
260.000 243.000 350.000 355.000 305.000 247.000 400.000 364.000
258.000 245.000 354.000 369.000 304.000 246.000 401.000 364.000
262.000 251.000 349.000 362.000 305.000 246.000 402.000 367.000
260.000 251.000 347.000 365.000 307.000 251.000 399.000 366.000
261.000 251.000 349.000 361.000 307.000 250.000 398.000 361.000
260.000 251.000 349.000 363.000 307.000 246.000 398.000 361.000
260.000 248.000 352.000 363.000 306.000 247.000 399.000 362.000
261.000 249.000 349.000 360.000 305.000 249.000 400.000 364.000
259.000 249.000 351.000 367.000 306.000 249.000 400.000 363.000
257.000 246.000 353.000 369.000 305.000 250.000 397.000 367.000
261.000 251.000 348.000 358.000 307.000 248.000 396.000 361.000
260.000 251.000 350.000 363.000 304.000 250.000 397.000 363.000
262.000 248.000 350.000 360.000 306.000 250.000 400.000 365.000
258.000 247.000 353.000 367.000 304.000 249.000 399.000 368.000
258.000 246.000 352.000 367.000 307.000 251.000 399.000 363.000
261.000 248.000 350.000 361.000 304.000 249.000 401.000 366.000
266.000 245.000 353.000 356.000 307.000 249.000 398.000 361.000
260.000 247.000 353.000 365.000 308.000 251.000 397.000 360.000
261.000 249.000 350.000 362.000 310.000 252.000 399.000 362.000
260.000 247.000 355.000 368.000 306.000 249.000 402.000 366.000
260.000 250.000 350.000 361.000 306.000 250.000 399.000 365.000
258.000 247.000 354.000 368.000 305.000 248.000 400.000 366.000
261.000 251.000 347.000 364.000 306.000 248.000 400.000 364.000
257.000 245.000 354.000 370.000 305.000 251.000 398.000 365.000
258.000 249.000 349.000 364.000 304.000 251.000 398.000 370.000
261.000 246.000 354.000 362.000 305.000 249.000 401.000 367.000
259.000 248.000 353.000 369.000 307.000 250.000 398.000 363.000
260.000 248.000 353.000 368.000 305.000 250.000 401.000 367.000
259.000 247.000 353.000 368.000 306.000 249.000 399.000 363.000
256.000 244.000 356.000 371.000 305.000 248.000 401.000 366.000
260.000 250.000 350.000 363.000 306.000 249.000 402.000 368.000
258.000 246.000 354.000 367.000 305.000 249.000 400.000 368.000
259.000 250.000 347.000 363.000 304.000 249.000 400.000 365.000
263.000 251.000 350.000 363.000 304.000 248.000 402.000 368.000
260.000 249.000 349.000 363.000 305.000 248.000 401.000 366.000
262.000 248.000 352.000 359.000 306.000 251.000 398.000 362.000
258.000 247.000 351.000 366.000 306.000 248.000 400.000 365.000
258.000 249.000 349.000 365.000 304.000 250.000 398.000 366.000
261.000 251.000 349.000 359.000 304.000 250.000 399.000 366.000
263.000 243.000 352.000 360.000 303.000 250.000 399.000 369.000
258.000 248.000 352.000 367.000 302.000 248.000 400.000 370.000
258.000 247.000 354.000 370.000 305.000 250.000 399.000 366.000
261.000 251.000 349.000 363.000 305.000 252.000 393.000 360.000
259.000 247.000 353.000 365.000 304.000 249.000 398.000 365.000
261.000 251.000 346.000 360.000 304.000 248.000 398.000 367.000
259.000 249.000 349.000 365.000 306.000 252.000 396.000 361.000
262.000 243.000 353.000 360.000 306.000 251.000 397.000 362.000
261.000 248.000 353.000 367.000 307.000 251.000 399.000 365.000
260.000 250.000 350.000 362.000 307.000 250.000 400.000 365.000
258.000 248.000 348.000 362.000 303.000 248.000 400.000 369.000
259.000 248.000 348.000 363.000 303.000 249.000 400.000 368.000
261.000 246.000 354.000 367.000 308.000 256.000 390.000 359.000
259.000 250.000 349.000 362.000 305.000 249.000 400.000 366.000
260.000 250.000 349.000 362.000 304.000 249.000 399.000 366.000
261.000 250.000 349.000 363.000 303.000 248.000 401.000 368.000
262.000 251.000 349.000 360.000 304.000 250.000 399.000 368.000
261.000 250.000 350.000 363.000 303.000 249.000 401.000 370.000
262.000 248.000 348.000 355.000 306.000 251.000 396.000 359.000
260.000 251.000 349.000 362.000 303.000 249.000 399.000 368.000
261.000 250.000 351.000 364.000 305.000 250.000 398.000 363.000
259.000 249.000 348.000 363.000 306.000 251.000 397.000 364.000
261.000 251.000 348.000 362.000 305.000 249.000 397.000 364.000
258.000 247.000 349.000 363.000 304.000 247.000 402.000 369.000
260.000 251.000 348.000 365.000 305.000 250.000 398.000 362.000
259.000 244.000 352.000 363.000 304.000 250.000 398.000 366.000
260.000 245.000 353.000 365.000 305.000 251.000 397.000 364.000
258.000 245.000 357.000 367.000 304.000 249.000 399.000 367.000
260.000 248.000 349.000 363.000 306.000 250.000 398.000 365.000
261.000 250.000 352.000 365.000 304.000 251.000 397.000 366.000
260.000 248.000 348.000 361.000 304.000 251.000 400.000 368.000
262.000 245.000 354.000 362.000 304.000 248.000 400.000 366.000
258.000 248.000 348.000 360.000 303.000 249.000 399.000 367.000
257.000 248.000 352.000 368.000 302.000 248.000 399.000 369.000
259.000 248.000 350.000 364.000 301.000 246.000 398.000 369.000
256.000 247.000 352.000 366.000 303.000 251.000 395.000 365.000
257.000 245.000 352.000 368.000 304.000 252.000 396.000 364.000
256.000 248.000 351.000 371.000 304.000 251.000 397.000 365.000
256.000 247.000 352.000 371.000 303.000 249.000 399.000 371.000
259.000 249.000 348.000 360.000 303.000 252.000 396.000 367.000
255.000 248.000 352.000 370.000 304.000 251.000 396.000 362.000
258.000 250.000 351.000 367.000 303.000 250.000 397.000 365.000
260.000 248.000 350.000 364.000 301.000 246.000 399.000 369.000
258.000 248.000 353.000 364.000 303.000 249.000 399.000 367.000
258.000 243.000 360.000 371.000 304.000 250.000 398.000 368.000
258.000 244.000 352.000 359.000 302.000 250.000 397.000 368.000
260.000 248.000 352.000 363.000 304.000 252.000 396.000 365.000
258.000 245.000 352.000 365.000 303.000 251.000 397.000 367.000
262.000 247.000 352.000 359.000 302.000 250.000 397.000 367.000
261.000 248.000 347.000 355.000 302.000 250.000 399.000 369.000
260.000 245.000 352.000 363.000 304.000 250.000 398.000 366.000
262.000 247.000 351.000 361.000 305.000 251.000 396.000 363.000
262.000 248.000 348.000 356.000 304.000 251.000 398.000 368.000
261.000 248.000 354.000 368.000 304.000 248.000 400.000 368.000
260.000 251.000 344.000 361.000 305.000 250.000 400.000 366.000
258.000 245.000 348.000 358.000 304.000 250.000 399.000 370.000
262.000 251.000 347.000 356.000 302.000 252.000 397.000 369.000
261.000 248.000 347.000 361.000 303.000 249.000 400.000 370.000
256.000 248.000 352.000 370.000 306.000 252.000 396.000 363.000
261.000 249.000 355.000 369.000 302.000 251.000 399.000 369.000
261.000 248.000 349.000 359.000 304.000 250.000 399.000 368.000
260.000 249.000 347.000 362.000 305.000 252.000 396.000 363.000
259.000 247.000 351.000 364.000 304.000 251.000 396.000 365.000
273.000 256.000 348.000 353.000 303.000 249.000 399.000 368.000
261.000 251.000 348.000 357.000 303.000 250.000 398.000 369.000
258.000 247.000 352.000 364.000 306.000 250.000 398.000 365.000
259.000 248.000 352.000 366.000 303.000 252.000 397.000 368.000
258.000 248.000 352.000 367.000 303.000 249.000 400.000 368.000
257.000 248.000 353.000 367.000 302.000 250.000 398.000 370.000
258.000 246.000 354.000 368.000 305.000 251.000 396.000 363.000
258.000 251.000 346.000 365.000 303.000 248.000 399.000 369.000
260.000 247.000 348.000 363.000 304.000 251.000 397.000 366.000
259.000 249.000 353.000 365.000 302.000 249.000 398.000 368.000
257.000 246.000 352.000 364.000 304.000 249.000 400.000 367.000
259.000 248.000 350.000 361.000 304.000 248.000 400.000 366.000
260.000 248.000 344.000 359.000 303.000 249.000 400.000 370.000
263.000 250.000 348.000 359.000 305.000 251.000 398.000 364.000
260.000 247.000 349.000 361.000 302.000 250.000 400.000 369.000
259.000 247.000 353.000 365.000 305.000 251.000 397.000 366.000
262.000 247.000 350.000 361.000 303.000 251.000 400.000 370.000
261.000 252.000 342.000 357.000 302.000 250.000 400.000 370.000
264.000 250.000 348.000 357.000 302.000 251.000 398.000 370.000
260.000 247.000 347.000 360.000 303.000 248.000 400.000 370.000
259.000 254.000 342.000 358.000 303.000 249.000 400.000 369.000
254.000 244.000 347.000 361.000 304.000 251.000 398.000 366.000
259.000 247.000 351.000 365.000 306.000 248.000 399.000 364.000
260.000 244.000 351.000 359.000 302.000 252.000 398.000 369.000
260.000 249.000 346.000 362.000 303.000 252.000 397.000 369.000
258.000 249.000 348.000 364.000 303.000 250.000 399.000 370.000
260.000 252.000 346.000 362.000 304.000 249.000 402.000 368.000
262.000 253.000 345.000 361.000 303.000 250.000 398.000 369.000
257.000 247.000 347.000 363.000 302.000 250.000 400.000 371.000
260.000 252.000 344.000 362.000 305.000 251.000 399.000 367.000
259.000 248.000 345.000 360.000 302.000 250.000 398.000 370.000
260.000 252.000 347.000 362.000 303.000 249.000 401.000 370.000
263.000 246.000 351.000 358.000 304.000 252.000 399.000 368.000
259.000 247.000 349.000 362.000 305.000 251.000 399.000 366.000
259.000 247.000 347.000 361.000 302.000 251.000 398.000 370.000
262.000 253.000 346.000 361.000 303.000 251.000 398.000 369.000
260.000 248.000 345.000 361.000 302.000 251.000 398.000 372.000
259.000 248.000 352.000 367.000 305.000 253.000 397.000 362.000
263.000 251.000 346.000 358.000 303.000 249.000 400.000 367.000
264.000 250.000 351.000 357.000 304.000 250.000 399.000 367.000
264.000 252.000 345.000 356.000 302.000 251.000 398.000 370.000
261.000 249.000 350.000 359.000 303.000 252.000 397.000 369.000
261.000 251.000 353.000 364.000 304.000 252.000 395.000 366.000
259.000 250.000 345.000 363.000 302.000 249.000 398.000 370.000
266.000 259.000 334.000 347.000 301.000 251.000 397.000 371.000
256.000 247.000 350.000 366.000 302.000 250.000 398.000 371.000
260.000 249.000 354.000 367.000 299.000 248.000 396.000 367.000
260.000 243.000 359.000 367.000 301.000 248.000 395.000 366.000
259.000 248.000 353.000 369.000 302.000 251.000 397.000 370.000
260.000 244.000 352.000 358.000 303.000 249.000 399.000 366.000
258.000 243.000 359.000 368.000 301.000 250.000 399.000 370.000
263.000 251.000 348.000 359.000 303.000 248.000 400.000 367.000
262.000 249.000 349.000 361.000 303.000 249.000 400.000 368.000
259.000 250.000 351.000 367.000 301.000 251.000 396.000 371.000
259.000 242.000 358.000 367.000 304.000 252.000 396.000 363.000
256.000 249.000 354.000 370.000 302.000 250.000 397.000 368.000
256.000 246.000 352.000 370.000 303.000 250.000 396.000 368.000
256.000 248.000 349.000 367.000 301.000 249.000 400.000 370.000
258.000 249.000 352.000 364.000 303.000 248.000 398.000 368.000
260.000 251.000 343.000 357.000 304.000 250.000 399.000 368.000
260.000 244.000 356.000 366.000 299.000 247.000 397.000 367.000
257.000 242.000 358.000 369.000 302.000 249.000 399.000 370.000
257.000 243.000 353.000 362.000 302.000 248.000 401.000 369.000
259.000 249.000 351.000 363.000 303.000 249.000 398.000 367.000
258.000 247.000 350.000 363.000 306.000 252.000 394.000 362.000
260.000 250.000 351.000 364.000 301.000 251.000 397.000 370.000
258.000 242.000 357.000 368.000 303.000 249.000 401.000 369.000
261.000 244.000 357.000 364.000 303.000 251.000 396.000 366.000
261.000 252.000 352.000 367.000 302.000 249.000 399.000 368.000
261.000 250.000 354.000 369.000 302.000 249.000 400.000 369.000
257.000 241.000 357.000 369.000 303.000 250.000 399.000 368.000
259.000 252.000 345.000 364.000 304.000 249.000 399.000 368.000
262.000 250.000 348.000 357.000 303.000 249.000 401.000 366.000
259.000 248.000 354.000 368.000 302.000 249.000 400.000 368.000
261.000 251.000 350.000 361.000 303.000 251.000 396.000 369.000
261.000 250.000 347.000 358.000 302.000 250.000 398.000 368.000
260.000 249.000 351.000 365.000 302.000 251.000 399.000 370.000
257.000 242.000 356.000 369.000 302.000 249.000 400.000 369.000
