200.000 258.000 283.000 367.000 243.000 261.000 326.000 364.000
201.000 252.000 290.000 362.000 245.000 259.000 330.000 366.000
201.000 254.000 288.000 366.000 244.000 260.000 329.000 365.000
204.000 259.000 282.000 359.000 246.000 262.000 326.000 360.000
203.000 256.000 285.000 361.000 244.000 261.000 327.000 367.000
202.000 259.000 283.000 364.000 242.000 260.000 327.000 368.000
201.000 259.000 282.000 364.000 243.000 259.000 330.000 366.000
199.000 254.000 285.000 362.000 243.000 259.000 328.000 365.000
206.000 258.000 286.000 364.000 242.000 261.000 327.000 368.000
200.000 256.000 284.000 361.000 244.000 261.000 326.000 362.000
201.000 254.000 288.000 365.000 242.000 260.000 326.000 365.000
199.000 257.000 282.000 363.000 243.000 260.000 328.000 366.000
200.000 255.000 284.000 362.000 243.000 260.000 327.000 366.000
199.000 258.000 283.000 366.000 243.000 261.000 328.000 366.000
200.000 257.000 281.000 358.000 244.000 260.000 327.000 361.000
203.000 257.000 281.000 359.000 244.000 262.000 324.000 363.000
198.000 255.000 283.000 366.000 242.000 260.000 327.000 367.000
201.000 255.000 288.000 367.000 244.000 259.000 331.000 366.000
199.000 252.000 288.000 367.000 243.000 261.000 326.000 366.000
200.000 255.000 287.000 367.000 242.000 260.000 329.000 368.000
200.000 252.000 287.000 364.000 241.000 260.000 328.000 367.000
202.000 255.000 290.000 365.000 243.000 259.000 328.000 365.000
200.000 254.000 288.000 364.000 241.000 260.000 327.000 368.000
199.000 255.000 286.000 367.000 240.000 260.000 327.000 369.000
198.000 252.000 285.000 366.000 241.000 259.000 325.000 367.000
201.000 261.000 283.000 368.000 242.000 261.000 327.000 365.000
203.000 255.000 284.000 359.000 241.000 259.000 324.000 366.000
197.000 254.000 283.000 366.000 243.000 261.000 323.000 364.000
204.000 256.000 283.000 358.000 241.000 259.000 325.000 367.000
205.000 255.000 286.000 359.000 241.000 259.000 325.000 367.000
198.000 251.000 287.000 366.000 244.000 258.000 328.000 360.000
197.000 253.000 289.000 370.000 242.000 259.000 325.000 367.000
202.000 256.000 287.000 362.000 244.000 262.000 323.000 362.000
200.000 256.000 285.000 365.000 242.000 260.000 325.000 367.000
199.000 254.000 282.000 364.000 242.000 261.000 327.000 368.000
200.000 256.000 281.000 361.000 243.000 262.000 326.000 366.000
200.000 255.000 287.000 366.000 243.000 261.000 327.000 365.000
198.000 255.000 284.000 366.000 241.000 261.000 324.000 368.000
202.000 262.000 279.000 362.000 242.000 262.000 322.000 363.000
200.000 260.000 283.000 367.000 242.000 261.000 324.000 364.000
203.000 261.000 278.000 358.000 244.000 259.000 329.000 362.000
201.000 259.000 281.000 364.000 242.000 260.000 329.000 368.000
201.000 259.000 284.000 367.000 245.000 264.000 318.000 352.000
200.000 256.000 283.000 365.000 244.000 261.000 323.000 360.000
202.000 259.000 281.000 363.000 242.000 261.000 326.000 367.000
199.000 253.000 288.000 368.000 245.000 264.000 322.000 358.000
201.000 254.000 285.000 366.000 243.000 261.000 323.000 362.000
201.000 256.000 283.000 365.000 243.000 263.000 319.000 361.000
201.000 258.000 281.000 361.000 245.000 263.000 326.000 365.000
203.000 257.000 283.000 357.000 245.000 261.000 328.000 363.000
201.000 256.000 286.000 364.000 244.000 260.000 328.000 364.000
198.000 253.000 286.000 364.000 241.000 260.000 327.000 369.000
199.000 254.000 285.000 363.000 243.000 262.000 325.000 364.000
198.000 254.000 284.000 365.000 246.000 263.000 326.000 362.000
203.000 259.000 283.000 364.000 242.000 261.000 328.000 368.000
202.000 263.000 283.000 368.000 245.000 262.000 325.000 362.000
203.000 255.000 285.000 362.000 246.000 263.000 327.000 365.000
203.000 258.000 284.000 363.000 244.000 260.000 329.000 364.000
199.000 255.000 284.000 363.000 243.000 262.000 328.000 367.000
199.000 256.000 283.000 363.000 245.000 262.000 328.000 363.000
201.000 257.000 281.000 362.000 248.000 264.000 326.000 362.000
201.000 258.000 280.000 362.000 247.000 263.000 327.000 363.000
200.000 252.000 288.000 364.000 246.000 263.000 326.000 361.000
201.000 257.000 288.000 370.000 247.000 263.000 326.000 363.000
202.000 258.000 283.000 364.000 246.000 264.000 327.000 364.000
201.000 260.000 285.000 369.000 246.000 264.000 319.000 354.000
201.000 257.000 283.000 362.000 243.000 262.000 327.000 367.000
200.000 256.000 290.000 373.000 245.000 262.000 327.000 363.000
199.000 254.000 283.000 362.000 245.000 264.000 317.000 353.000
200.000 257.000 283.000 364.000 244.000 260.000 329.000 365.000
200.000 260.000 285.000 368.000 242.000 262.000 327.000 369.000
202.000 258.000 287.000 370.000 242.000 263.000 323.000 365.000
201.000 257.000 283.000 362.000 242.000 261.000 325.000 366.000
201.000 259.000 280.000 355.000 246.000 264.000 326.000 363.000
204.000 261.000 284.000 362.000 244.000 264.000 320.000 362.000
200.000 262.000 281.000 367.000 244.000 264.000 315.000 353.000
202.000 260.000 281.000 360.000 241.000 262.000 325.000 366.000
200.000 258.000 281.000 366.000 244.000 259.000 324.000 362.000
197.000 254.000 282.000 363.000 241.000 263.000 320.000 365.000
200.000 258.000 281.000 365.000 240.000 261.000 323.000 369.000
202.000 259.000 281.000 358.000 242.000 262.000 326.000 365.000
200.000 262.000 282.000 367.000 242.000 262.000 322.000 366.000
198.000 260.000 282.000 368.000 241.000 260.000 323.000 367.000
200.000 257.000 284.000 366.000 242.000 261.000 324.000 368.000
198.000 257.000 286.000 372.000 244.000 264.000 314.000 352.000
199.000 256.000 285.000 368.000 244.000 262.000 319.000 358.000
201.000 261.000 280.000 359.000 242.000 262.000 323.000 366.000
201.000 258.000 281.000 360.000 242.000 261.000 323.000 365.000
203.000 258.000 283.000 362.000 242.000 261.000 324.000 367.000
205.000 262.000 281.000 358.000 240.000 260.000 329.000 371.000
203.000 261.000 286.000 368.000 244.000 262.000 328.000 365.000
201.000 261.000 284.000 366.000 244.000 262.000 326.000 365.000
201.000 262.000 283.000 368.000 242.000 262.000 327.000 367.000
198.000 254.000 283.000 364.000 244.000 261.000 330.000 366.000
204.000 261.000 282.000 359.000 245.000 264.000 327.000 367.000
201.000 258.000 285.000 363.000 243.000 262.000 327.000 368.000
201.000 262.000 284.000 369.000 241.000 261.000 327.000 369.000
200.000 255.000 288.000 370.000 242.000 262.000 324.000 367.000
199.000 254.000 282.000 360.000 244.000 263.000 323.000 365.000
199.000 257.000 288.000 371.000 243.000 262.000 324.000 367.000
202.000 258.000 285.000 367.000 247.000 264.000 327.000 364.000
201.000 259.000 282.000 365.000 246.000 263.000 325.000 362.000
203.000 258.000 283.000 362.000 243.000 263.000 326.000 365.000
200.000 258.000 286.000 370.000 245.000 263.000 327.000 364.000
200.000 257.000 288.000 371.000 242.000 262.000 327.000 368.000
199.000 256.000 283.000 365.000 244.000 263.000 320.000 360.000
201.000 258.000 281.000 360.000 246.000 267.000 312.000 352.000
202.000 257.000 282.000 360.000 241.000 262.000 322.000 368.000
203.000 255.000 285.000 361.000 242.000 262.000 321.000 364.000
201.000 261.000 279.000 361.000 243.000 264.000 314.000 354.000
201.000 260.000 280.000 357.000 244.000 263.000 315.000 352.000
202.000 257.000 285.000 361.000 245.000 264.000 326.000 365.000
200.000 258.000 280.000 358.000 243.000 264.000 313.000 350.000
201.000 256.000 285.000 359.000 245.000 269.000 309.000 347.000
200.000 258.000 286.000 368.000 244.000 263.000 314.000 351.000
199.000 261.000 282.000 369.000 241.000 263.000 320.000 363.000
201.000 258.000 280.000 358.000 242.000 262.000 323.000 368.000
199.000 255.000 288.000 367.000 242.000 263.000 319.000 362.000
199.000 253.000 284.000 365.000 245.000 264.000 315.000 351.000
202.000 262.000 281.000 365.000 244.000 264.000 314.000 348.000
201.000 257.000 285.000 366.000 245.000 265.000 313.000 350.000
202.000 261.000 281.000 363.000 244.000 263.000 317.000 354.000
198.000 255.000 285.000 368.000 245.000 265.000 313.000 350.000
201.000 260.000 279.000 363.000 245.000 264.000 315.000 350.000
201.000 264.000 278.000 365.000 243.000 263.000 315.000 355.000
201.000 263.000 279.000 366.000 244.000 264.000 312.000 347.000
196.000 254.000 285.000 367.000 241.000 261.000 322.000 365.000
201.000 258.000 281.000 363.000 245.000 266.000 312.000 351.000
201.000 256.000 284.000 365.000 244.000 262.000 319.000 354.000
198.000 256.000 288.000 372.000 241.000 261.000 326.000 369.000
201.000 258.000 283.000 362.000 244.000 259.000 328.000 364.000
200.000 255.000 283.000 366.000 244.000 263.000 327.000 364.000
199.000 256.000 288.000 370.000 245.000 263.000 326.000 363.000
202.000 258.000 285.000 367.000 244.000 264.000 326.000 364.000
199.000 255.000 289.000 372.000 244.000 261.000 329.000 369.000
202.000 259.000 283.000 358.000 243.000 263.000 326.000 365.000
201.000 260.000 280.000 359.000 243.000 260.000 330.000 367.000
199.000 257.000 283.000 366.000 245.000 262.000 323.000 359.000
201.000 261.000 282.000 367.000 244.000 264.000 323.000 364.000
200.000 257.000 285.000 369.000 242.000 261.000 327.000 367.000
198.000 256.000 287.000 370.000 242.000 262.000 325.000 367.000
198.000 257.000 285.000 369.000 243.000 264.000 322.000 364.000
201.000 256.000 288.000 367.000 242.000 260.000 326.000 368.000
200.000 261.000 281.000 365.000 245.000 266.000 312.000 349.000
200.000 253.000 288.000 365.000 242.000 260.000 324.000 367.000
201.000 262.000 279.000 366.000 245.000 265.000 313.000 349.000
200.000 261.000 282.000 365.000 245.000 265.000 318.000 360.000
200.000 258.000 283.000 362.000 242.000 262.000 323.000 368.000
200.000 258.000 283.000 363.000 243.000 265.000 315.000 354.000
201.000 260.000 281.000 363.000 243.000 264.000 315.000 352.000
198.000 254.000 285.000 365.000 240.000 261.000 323.000 368.000
198.000 254.000 290.000 371.000 240.000 262.000 324.000 370.000
198.000 253.000 289.000 369.000 240.000 261.000 323.000 368.000
199.000 257.000 285.000 365.000 240.000 255.000 330.000 366.000
197.000 259.000 283.000 370.000 242.000 262.000 321.000 364.000
196.000 254.000 288.000 373.000 242.000 263.000 315.000 353.000
196.000 250.000 288.000 371.000 243.000 263.000 315.000 352.000
195.000 251.000 290.000 372.000 242.000 263.000 315.000 354.000
197.000 256.000 282.000 365.000 243.000 265.000 315.000 352.000
195.000 255.000 284.000 370.000 241.000 261.000 320.000 362.000
194.000 255.000 285.000 373.000 240.000 261.000 321.000 365.000
200.000 260.000 274.000 356.000 239.000 262.000 321.000 368.000
194.000 254.000 285.000 368.000 246.000 267.000 307.000 347.000
195.000 252.000 286.000 367.000 241.000 263.000 321.000 364.000
195.000 254.000 284.000 367.000 241.000 265.000 319.000 364.000
195.000 252.000 284.000 363.000 241.000 265.000 320.000 364.000
195.000 250.000 288.000 369.000 241.000 265.000 318.000 361.000
196.000 253.000 287.000 369.000 242.000 265.000 315.000 353.000
193.000 252.000 287.000 372.000 242.000 265.000 318.000 361.000
198.000 253.000 286.000 367.000 241.000 264.000 318.000 362.000
197.000 253.000 286.000 368.000 241.000 259.000 325.000 366.000
196.000 253.000 284.000 366.000 239.000 259.000 325.000 368.000
196.000 252.000 287.000 368.000 240.000 260.000 325.000 368.000
197.000 252.000 285.000 367.000 238.000 260.000 327.000 371.000
199.000 256.000 284.000 365.000 239.000 261.000 326.000 369.000
197.000 253.000 286.000 369.000 238.000 259.000 325.000 371.000
196.000 252.000 287.000 368.000 240.000 262.000 324.000 367.000
197.000 252.000 287.000 366.000 240.000 261.000 325.000 372.000
199.000 255.000 286.000 366.000 239.000 259.000 326.000 370.000
196.000 252.000 286.000 369.000 241.000 263.000 318.000 359.000
196.000 251.000 288.000 370.000 242.000 262.000 315.000 354.000
196.000 252.000 286.000 367.000 243.000 265.000 311.000 348.000
197.000 257.000 286.000 371.000 238.000 259.000 325.000 370.000
197.000 254.000 287.000 369.000 241.000 263.000 311.000 350.000
194.000 250.000 287.000 369.000 242.000 261.000 322.000 361.000
195.000 251.000 289.000 372.000 239.000 259.000 325.000 370.000
195.000 256.000 284.000 370.000 243.000 265.000 312.000 350.000
198.000 257.000 285.000 372.000 242.000 262.000 316.000 354.000
196.000 257.000 284.000 372.000 239.000 260.000 325.000 369.000
197.000 251.000 289.000 368.000 242.000 262.000 320.000 363.000
196.000 251.000 287.000 369.000 240.000 262.000 319.000 361.000
197.000 254.000 287.000 369.000 241.000 261.000 319.000 360.000
198.000 256.000 284.000 367.000 243.000 264.000 312.000 349.000
197.000 252.000 288.000 369.000 241.000 262.000 322.000 363.000
197.000 254.000 288.000 371.000 242.000 263.000 317.000 353.000
198.000 255.000 286.000 365.000 240.000 260.000 326.000 368.000
196.000 254.000 287.000 372.000 240.000 261.000 325.000 369.000
197.000 252.000 287.000 367.000 239.000 259.000 326.000 370.000
198.000 252.000 284.000 361.000 240.000 261.000 324.000 367.000
195.000 255.000 286.000 370.000 241.000 262.000 320.000 361.000
195.000 251.000 290.000 373.000 239.000 258.000 325.000 370.000
196.000 255.000 285.000 368.000 241.000 264.000 321.000 362.000
195.000 253.000 285.000 369.000 240.000 260.000 325.000 368.000
196.000 253.000 287.000 367.000 242.000 263.000 320.000 360.000
195.000 252.000 287.000 368.000 241.000 264.000 320.000 364.000
195.000 250.000 288.000 369.000 241.000 262.000 321.000 364.000
197.000 253.000 284.000 362.000 241.000 264.000 321.000 363.000
194.000 250.000 286.000 368.000 238.000 259.000 325.000 369.000
196.000 255.000 281.000 358.000 238.000 259.000 326.000 366.000
195.000 253.000 284.000 365.000 238.000 260.000 323.000 366.000
193.000 252.000 284.000 366.000 238.000 260.000 323.000 368.000
195.000 254.000 278.000 361.000 238.000 262.000 320.000 366.000
194.000 251.000 285.000 366.000 238.000 260.000 324.000 368.000
193.000 250.000 284.000 366.000 239.000 263.000 318.000 362.000
199.000 258.000 272.000 351.000 238.000 261.000 323.000 368.000
194.000 251.000 286.000 366.000 238.000 258.000 326.000 370.000
198.000 254.000 281.000 363.000 240.000 264.000 319.000 363.000
193.000 257.000 279.000 369.000 239.000 263.000 321.000 366.000
196.000 253.000 279.000 360.000 239.000 259.000 325.000 366.000
196.000 256.000 279.000 360.000 238.000 259.000 324.000 367.000
195.000 258.000 279.000 367.000 241.000 263.000 318.000 362.000
195.000 252.000 283.000 362.000 239.000 262.000 313.000 355.000
195.000 252.000 287.000 369.000 239.000 262.000 321.000 368.000
194.000 250.000 288.000 372.000 240.000 263.000 319.000 364.000
196.000 253.000 286.000 366.000 241.000 263.000 322.000 364.000
196.000 251.000 287.000 367.000 241.000 263.000 318.000 363.000
195.000 251.000 286.000 366.000 241.000 264.000 319.000 363.000
194.000 249.000 288.000 368.000 240.000 262.000 322.000 366.000
196.000 253.000 280.000 360.000 240.000 262.000 313.000 353.000
195.000 252.000 287.000 369.000 239.000 262.000 321.000 365.000
196.000 256.000 279.000 359.000 240.000 261.000 322.000 366.000
200.000 261.000 275.000 357.000 238.000 259.000 324.000 368.000
192.000 256.000 281.000 371.000 239.000 264.000 308.000 350.000
196.000 255.000 281.000 358.000 238.000 260.000 323.000 369.000
193.000 251.000 280.000 365.000 239.000 262.000 319.000 361.000
195.000 259.000 277.000 366.000 239.000 262.000 317.000 362.000
196.000 257.000 280.000 367.000 239.000 262.000 322.000 367.000
195.000 252.000 281.000 365.000 240.000 263.000 310.000 351.000
196.000 252.000 287.000 364.000 240.000 263.000 319.000 362.000
195.000 251.000 288.000 369.000 238.000 259.000 326.000 368.000
193.000 250.000 287.000 370.000 240.000 263.000 322.000 367.000
197.000 253.000 287.000 365.000 240.000 264.000 320.000 364.000
195.000 252.000 286.000 365.000 238.000 260.000 325.000 370.000
197.000 253.000 284.000 363.000 241.000 264.000 318.000 361.000
196.000 253.000 288.000 369.000 240.000 262.000 322.000 366.000
195.000 251.000 289.000 373.000 242.000 262.000 326.000 368.000
195.000 252.000 288.000 372.000 241.000 264.000 319.000 361.000
197.000 256.000 282.000 360.000 241.000 264.000 319.000 364.000
196.000 254.000 287.000 367.000 240.000 263.000 320.000 366.000
195.000 252.000 289.000 370.000 241.000 263.000 321.000 366.000
197.000 253.000 288.000 364.000 241.000 263.000 319.000 362.000
196.000 252.000 287.000 370.000 241.000 264.000 320.000 361.000
195.000 252.000 288.000 369.000 240.000 263.000 320.000 363.000
195.000 252.000 288.000 370.000 241.000 264.000 319.000 363.000
195.000 251.000 289.000 367.000 240.000 261.000 321.000 365.000
195.000 251.000 288.000 368.000 237.000 259.000 327.000 371.000
196.000 251.000 287.000 366.000 239.000 262.000 321.000 366.000
196.000 253.000 286.000 369.000 238.000 260.000 326.000 369.000
194.000 249.000 291.000 374.000 242.000 265.000 310.000 349.000
197.000 253.000 287.000 368.000 242.000 263.000 321.000 362.000
198.000 257.000 280.000 367.000 242.000 264.000 313.000 352.000
198.000 251.000 288.000 365.000 243.000 262.000 319.000 357.000
204.000 262.000 282.000 356.000 244.000 266.000 310.000 349.000
198.000 252.000 287.000 367.000 245.000 268.000 310.000 353.000
195.000 253.000 287.000 372.000 242.000 262.000 315.000 353.000
197.000 255.000 287.000 368.000 241.000 261.000 324.000 370.000
198.000 254.000 289.000 373.000 242.000 264.000 313.000 353.000
198.000 253.000 288.000 370.000 240.000 260.000 324.000 371.000
197.000 258.000 286.000 371.000 242.000 263.000 316.000 355.000
196.000 252.000 289.000 373.000 241.000 261.000 321.000 365.000
198.000 256.000 284.000 368.000 240.000 260.000 325.000 371.000
198.000 258.000 284.000 367.000 241.000 260.000 328.000 371.000
197.000 256.000 285.000 369.000 243.000 265.000 312.000 351.000
197.000 254.000 286.000 368.000 241.000 261.000 326.000 368.000
198.000 254.000 284.000 366.000 242.000 261.000 327.000 367.000
196.000 254.000 286.000 369.000 240.000 259.000 325.000 369.000
197.000 252.000 284.000 368.000 243.000 266.000 310.000 349.000
197.000 252.000 287.000 369.000 241.000 261.000 319.000 356.000
197.000 253.000 286.000 369.000 244.000 264.000 318.000 352.000
198.000 255.000 287.000 369.000 243.000 264.000 317.000 354.000
198.000 262.000 282.000 370.000 243.000 262.000 316.000 353.000
198.000 255.000 290.000 370.000 241.000 260.000 328.000 366.000
197.000 257.000 282.000 369.000 246.000 267.000 317.000 352.000
200.000 254.000 288.000 366.000 241.000 260.000 324.000 369.000
197.000 257.000 284.000 369.000 243.000 257.000 330.000 364.000
198.000 252.000 289.000 367.000 241.000 260.000 323.000 367.000
199.000 255.000 288.000 370.000 245.000 265.000 312.000 351.000
198.000 257.000 284.000 368.000 242.000 261.000 322.000 365.000
199.000 254.000 288.000 367.000 243.000 261.000 327.000 366.000
201.000 258.000 284.000 361.000 241.000 260.000 324.000 368.000
198.000 259.000 280.000 368.000 241.000 261.000 323.000 364.000
198.000 255.000 283.000 364.000 243.000 262.000 318.000 356.000
197.000 256.000 283.000 367.000 240.000 260.000 324.000 369.000
199.000 257.000 280.000 358.000 240.000 259.000 324.000 370.000
195.000 254.000 281.000 363.000 240.000 259.000 326.000 371.000
197.000 254.000 288.000 372.000 244.000 265.000 314.000 351.000
198.000 257.000 279.000 365.000 240.000 259.000 326.000 368.000
200.000 256.000 281.000 364.000 240.000 260.000 328.000 371.000
201.000 258.000 285.000 363.000 242.000 256.000 332.000 369.000
199.000 256.000 285.000 368.000 244.000 263.000 316.000 354.000
