182.000 264.000 255.000 356.000 223.000 270.000 292.000 360.000
177.000 266.000 256.000 367.000 220.000 267.000 291.000 358.000
178.000 261.000 259.000 365.000 221.000 269.000 290.000 357.000
177.000 261.000 258.000 362.000 220.000 266.000 293.000 360.000
177.000 260.000 262.000 370.000 221.000 265.000 297.000 365.000
180.000 262.000 261.000 360.000 222.000 268.000 291.000 357.000
177.000 265.000 256.000 366.000 219.000 264.000 300.000 366.000
179.000 268.000 255.000 368.000 220.000 265.000 294.000 361.000
178.000 265.000 257.000 366.000 221.000 266.000 293.000 360.000
180.000 263.000 256.000 363.000 220.000 266.000 292.000 360.000
177.000 263.000 258.000 367.000 221.000 268.000 292.000 361.000
179.000 264.000 258.000 364.000 219.000 266.000 295.000 364.000
178.000 260.000 257.000 364.000 219.000 266.000 293.000 360.000
179.000 260.000 262.000 361.000 220.000 266.000 294.000 360.000
177.000 259.000 259.000 363.000 222.000 266.000 294.000 356.000
178.000 263.000 260.000 366.000 222.000 266.000 295.000 356.000
180.000 266.000 253.000 360.000 221.000 267.000 294.000 357.000
178.000 258.000 263.000 366.000 223.000 269.000 294.000 356.000
180.000 268.000 251.000 361.000 224.000 268.000 295.000 353.000
182.000 266.000 257.000 359.000 221.000 268.000 291.000 357.000
179.000 266.000 255.000 365.000 221.000 269.000 296.000 363.000
179.000 265.000 256.000 365.000 222.000 265.000 299.000 359.000
177.000 262.000 258.000 369.000 220.000 265.000 296.000 361.000
181.000 265.000 257.000 363.000 221.000 268.000 292.000 360.000
177.000 262.000 256.000 369.000 220.000 267.000 293.000 361.000
178.000 260.000 259.000 364.000 220.000 267.000 295.000 362.000
177.000 259.000 256.000 363.000 218.000 266.000 294.000 364.000
179.000 266.000 256.000 364.000 220.000 266.000 294.000 362.000
175.000 258.000 257.000 364.000 220.000 264.000 299.000 361.000
181.000 261.000 259.000 361.000 222.000 267.000 293.000 356.000
178.000 265.000 257.000 364.000 220.000 268.000 294.000 363.000
178.000 264.000 257.000 366.000 220.000 264.000 294.000 358.000
178.000 264.000 259.000 368.000 220.000 266.000 294.000 362.000
176.000 260.000 258.000 366.000 220.000 265.000 296.000 361.000
175.000 260.000 255.000 362.000 221.000 266.000 294.000 356.000
180.000 265.000 256.000 365.000 222.000 268.000 292.000 360.000
181.000 263.000 258.000 362.000 220.000 266.000 294.000 361.000
179.000 261.000 257.000 360.000 221.000 268.000 300.000 367.000
179.000 264.000 254.000 362.000 222.000 268.000 294.000 357.000
181.000 264.000 256.000 361.000 221.000 267.000 291.000 356.000
180.000 262.000 256.000 358.000 222.000 266.000 298.000 358.000
179.000 266.000 256.000 366.000 220.000 266.000 295.000 359.000
179.000 260.000 264.000 365.000 220.000 267.000 294.000 362.000
180.000 263.000 255.000 357.000 219.000 264.000 297.000 361.000
180.000 261.000 259.000 360.000 220.000 267.000 295.000 362.000
179.000 267.000 256.000 366.000 222.000 265.000 296.000 356.000
179.000 266.000 256.000 367.000 220.000 266.000 294.000 361.000
179.000 268.000 255.000 367.000 220.000 267.000 293.000 362.000
176.000 262.000 255.000 364.000 221.000 266.000 292.000 356.000
178.000 260.000 257.000 359.000 222.000 267.000 294.000 361.000
174.000 258.000 262.000 370.000 221.000 268.000 293.000 361.000
177.000 260.000 260.000 367.000 219.000 266.000 294.000 362.000
186.000 264.000 256.000 352.000 220.000 267.000 294.000 362.000
178.000 260.000 260.000 361.000 221.000 268.000 292.000 358.000
182.000 263.000 257.000 356.000 221.000 267.000 293.000 361.000
176.000 262.000 257.000 364.000 219.000 267.000 292.000 359.000
179.000 267.000 255.000 366.000 220.000 267.000 292.000 362.000
171.000 257.000 255.000 368.000 221.000 267.000 293.000 359.000
176.000 260.000 260.000 366.000 220.000 267.000 295.000 361.000
177.000 261.000 259.000 366.000 219.000 266.000 293.000 357.000
180.000 262.000 256.000 363.000 221.000 265.000 297.000 359.000
174.000 254.000 259.000 365.000 221.000 268.000 292.000 360.000
178.000 261.000 255.000 361.000 221.000 268.000 292.000 360.000
176.000 263.000 258.000 367.000 219.000 265.000 294.000 361.000
178.000 264.000 257.000 366.000 222.000 268.000 295.000 358.000
173.000 256.000 258.000 366.000 222.000 268.000 293.000 361.000
178.000 265.000 256.000 366.000 221.000 266.000 293.000 361.000
179.000 263.000 257.000 360.000 220.000 266.000 294.000 361.000
177.000 263.000 257.000 366.000 220.000 267.000 293.000 361.000
180.000 261.000 258.000 361.000 219.000 266.000 294.000 363.000
176.000 261.000 258.000 364.000 220.000 269.000 291.000 359.000
174.000 259.000 259.000 368.000 218.000 265.000 296.000 364.000
177.000 262.000 257.000 363.000 218.000 263.000 298.000 364.000
177.000 259.000 260.000 365.000 218.000 266.000 293.000 361.000
174.000 260.000 258.000 369.000 219.000 266.000 293.000 361.000
175.000 258.000 261.000 368.000 219.000 267.000 294.000 363.000
177.000 259.000 259.000 364.000 220.000 266.000 291.000 356.000
177.000 259.000 260.000 365.000 218.000 266.000 295.000 365.000
176.000 258.000 259.000 364.000 218.000 265.000 294.000 362.000
175.000 261.000 259.000 369.000 221.000 265.000 298.000 356.000
176.000 263.000 256.000 362.000 220.000 268.000 295.000 365.000
175.000 260.000 261.000 371.000 220.000 267.000 295.000 360.000
178.000 259.000 258.000 359.000 219.000 265.000 294.000 359.000
175.000 261.000 258.000 366.000 220.000 267.000 293.000 363.000
176.000 261.000 258.000 367.000 220.000 268.000 291.000 357.000
176.000 258.000 262.000 368.000 219.000 264.000 295.000 358.000
175.000 258.000 256.000 362.000 219.000 267.000 293.000 363.000
174.000 258.000 259.000 367.000 218.000 264.000 296.000 362.000
177.000 260.000 259.000 365.000 218.000 266.000 294.000 364.000
176.000 258.000 261.000 364.000 219.000 267.000 294.000 362.000
177.000 260.000 258.000 363.000 218.000 266.000 294.000 365.000
175.000 259.000 259.000 368.000 220.000 266.000 293.000 363.000
176.000 260.000 260.000 368.000 219.000 265.000 294.000 357.000
178.000 260.000 257.000 361.000 220.000 265.000 294.000 360.000
175.000 258.000 259.000 365.000 218.000 267.000 292.000 363.000
175.000 259.000 259.000 366.000 219.000 268.000 293.000 361.000
175.000 259.000 260.000 369.000 217.000 264.000 295.000 362.000
173.000 260.000 258.000 369.000 219.000 267.000 293.000 360.000
175.000 261.000 256.000 365.000 216.000 265.000 294.000 364.000
173.000 259.000 257.000 369.000 216.000 266.000 294.000 364.000
175.000 259.000 257.000 367.000 216.000 266.000 292.000 364.000
174.000 260.000 256.000 363.000 220.000 264.000 297.000 359.000
175.000 260.000 257.000 367.000 218.000 265.000 295.000 360.000
174.000 260.000 255.000 362.000 220.000 265.000 294.000 358.000
175.000 261.000 254.000 361.000 219.000 267.000 294.000 362.000
174.000 260.000 258.000 370.000 219.000 269.000 289.000 360.000
173.000 262.000 256.000 365.000 219.000 269.000 292.000 360.000
175.000 261.000 259.000 369.000 216.000 265.000 292.000 363.000
176.000 260.000 252.000 356.000 217.000 266.000 291.000 361.000
174.000 258.000 258.000 366.000 217.000 267.000 291.000 362.000
176.000 263.000 252.000 361.000 218.000 265.000 294.000 359.000
176.000 260.000 258.000 364.000 219.000 268.000 291.000 361.000
175.000 260.000 258.000 368.000 216.000 266.000 293.000 361.000
176.000 262.000 253.000 360.000 217.000 266.000 292.000 359.000
175.000 260.000 258.000 364.000 220.000 271.000 287.000 357.000
177.000 262.000 256.000 364.000 218.000 265.000 295.000 359.000
180.000 262.000 255.000 358.000 218.000 264.000 297.000 363.000
176.000 261.000 254.000 361.000 220.000 264.000 296.000 356.000
176.000 262.000 255.000 364.000 218.000 267.000 293.000 362.000
176.000 259.000 255.000 362.000 218.000 266.000 294.000 360.000
174.000 260.000 260.000 369.000 216.000 265.000 294.000 364.000
177.000 263.000 253.000 359.000 218.000 264.000 297.000 361.000
175.000 260.000 255.000 362.000 222.000 266.000 297.000 356.000
175.000 259.000 257.000 365.000 221.000 264.000 298.000 357.000
176.000 262.000 254.000 362.000 219.000 267.000 292.000 359.000
176.000 262.000 256.000 364.000 218.000 265.000 296.000 361.000
177.000 263.000 253.000 361.000 218.000 264.000 301.000 364.000
178.000 265.000 253.000 360.000 219.000 268.000 292.000 360.000
177.000 266.000 253.000 364.000 220.000 267.000 292.000 356.000
177.000 267.000 254.000 366.000 218.000 266.000 296.000 363.000
178.000 267.000 254.000 366.000 220.000 266.000 294.000 358.000
178.000 262.000 256.000 362.000 222.000 272.000 283.000 350.000
177.000 263.000 256.000 364.000 221.000 266.000 297.000 358.000
179.000 263.000 256.000 360.000 219.000 267.000 293.000 360.000
178.000 259.000 258.000 362.000 222.000 265.000 298.000 357.000
181.000 264.000 259.000 365.000 220.000 267.000 295.000 358.000
177.000 259.000 259.000 364.000 223.000 271.000 295.000 363.000
178.000 259.000 260.000 361.000 220.000 265.000 298.000 362.000
178.000 261.000 257.000 362.000 222.000 266.000 299.000 358.000
178.000 260.000 258.000 361.000 220.000 265.000 298.000 359.000
179.000 260.000 256.000 359.000 222.000 266.000 297.000 358.000
179.000 260.000 259.000 361.000 221.000 269.000 296.000 364.000
181.000 265.000 260.000 366.000 219.000 266.000 298.000 366.000
178.000 261.000 256.000 361.000 220.000 267.000 293.000 358.000
177.000 261.000 257.000 359.000 221.000 267.000 296.000 358.000
177.000 260.000 259.000 363.000 219.000 268.000 292.000 360.000
178.000 262.000 253.000 356.000 219.000 267.000 295.000 359.000
179.000 262.000 257.000 361.000 221.000 268.000 294.000 356.000
177.000 262.000 255.000 363.000 219.000 269.000 291.000 361.000
176.000 261.000 257.000 365.000 220.000 264.000 298.000 360.000
175.000 262.000 260.000 370.000 221.000 267.000 295.000 357.000
176.000 261.000 256.000 361.000 220.000 267.000 292.000 356.000
178.000 263.000 252.000 358.000 218.000 268.000 291.000 362.000
176.000 263.000 258.000 368.000 219.000 266.000 297.000 361.000
176.000 264.000 253.000 364.000 218.000 267.000 290.000 358.000
177.000 264.000 255.000 363.000 220.000 266.000 297.000 357.000
176.000 262.000 256.000 364.000 219.000 265.000 296.000 358.000
174.000 262.000 254.000 366.000 218.000 266.000 295.000 361.000
174.000 259.000 256.000 364.000 217.000 266.000 298.000 366.000
175.000 261.000 257.000 363.000 220.000 270.000 291.000 358.000
176.000 261.000 257.000 364.000 218.000 268.000 291.000 362.000
173.000 263.000 252.000 365.000 219.000 265.000 295.000 360.000
175.000 261.000 256.000 365.000 218.000 270.000 290.000 361.000
173.000 259.000 256.000 368.000 217.000 268.000 292.000 362.000
175.000 263.000 251.000 364.000 217.000 268.000 290.000 363.000
177.000 263.000 254.000 360.000 218.000 269.000 287.000 358.000
175.000 260.000 255.000 365.000 216.000 268.000 290.000 363.000
176.000 264.000 254.000 362.000 216.000 267.000 291.000 365.000
177.000 268.000 247.000 359.000 216.000 268.000 292.000 363.000
177.000 261.000 253.000 360.000 215.000 267.000 295.000 366.000
172.000 258.000 252.000 364.000 216.000 268.000 294.000 365.000
175.000 262.000 251.000 359.000 215.000 267.000 294.000 366.000
178.000 265.000 252.000 359.000 216.000 266.000 290.000 359.000
174.000 262.000 250.000 364.000 218.000 266.000 293.000 359.000
176.000 265.000 249.000 361.000 216.000 269.000 290.000 365.000
173.000 267.000 252.000 369.000 215.000 267.000 294.000 366.000
175.000 262.000 256.000 366.000 216.000 268.000 294.000 365.000
174.000 265.000 252.000 367.000 218.000 269.000 290.000 361.000
176.000 260.000 260.000 364.000 217.000 266.000 295.000 360.000
174.000 265.000 252.000 366.000 219.000 268.000 295.000 359.000
177.000 260.000 255.000 362.000 220.000 269.000 292.000 358.000
177.000 262.000 256.000 363.000 220.000 268.000 296.000 364.000
176.000 261.000 257.000 368.000 220.000 268.000 295.000 358.000
175.000 259.000 254.000 359.000 216.000 263.000 301.000 366.000
174.000 260.000 253.000 363.000 218.000 268.000 290.000 359.000
175.000 266.000 254.000 367.000 218.000 267.000 292.000 360.000
179.000 263.000 257.000 359.000 221.000 271.000 289.000 357.000
174.000 260.000 255.000 366.000 221.000 271.000 291.000 355.000
178.000 263.000 252.000 357.000 219.000 268.000 292.000 358.000
183.000 271.000 243.000 348.000 220.000 267.000 296.000 360.000
183.000 271.000 248.000 351.000 219.000 267.000 300.000 366.000
183.000 271.000 240.000 341.000 220.000 268.000 291.000 357.000
177.000 261.000 257.000 369.000 220.000 269.000 292.000 361.000
178.000 260.000 259.000 365.000 220.000 268.000 297.000 364.000
176.000 261.000 258.000 370.000 222.000 269.000 297.000 362.000
177.000 265.000 253.000 360.000 220.000 268.000 298.000 365.000
177.000 268.000 257.000 371.000 220.000 268.000 294.000 361.000
180.000 266.000 256.000 365.000 221.000 270.000 291.000 357.000
178.000 261.000 260.000 365.000 219.000 267.000 298.000 362.000
177.000 265.000 258.000 370.000 221.000 267.000 293.000 358.000
175.000 260.000 255.000 363.000 220.000 266.000 299.000 364.000
179.000 262.000 254.000 357.000 219.000 268.000 291.000 359.000
176.000 260.000 254.000 362.000 220.000 268.000 292.000 357.000
175.000 259.000 255.000 361.000 220.000 267.000 294.000 360.000
176.000 260.000 257.000 365.000 220.000 269.000 293.000 357.000
188.000 275.000 241.000 343.000 219.000 267.000 293.000 358.000
176.000 260.000 254.000 364.000 216.000 265.000 296.000 366.000
175.000 261.000 256.000 365.000 220.000 269.000 291.000 356.000
176.000 261.000 254.000 363.000 220.000 269.000 294.000 358.000
177.000 262.000 254.000 360.000 219.000 267.000 294.000 360.000
176.000 261.000 255.000 364.000 219.000 266.000 296.000 360.000
178.000 263.000 251.000 356.000 220.000 270.000 290.000 357.000
177.000 262.000 255.000 361.000 219.000 270.000 291.000 359.000
174.000 257.000 259.000 370.000 219.000 269.000 291.000 359.000
180.000 269.000 246.000 353.000 219.000 267.000 292.000 359.000
177.000 261.000 260.000 364.000 219.000 269.000 290.000 359.000
175.000 260.000 253.000 360.000 219.000 268.000 298.000 366.000
182.000 271.000 246.000 352.000 219.000 269.000 292.000 360.000
174.000 261.000 255.000 364.000 218.000 268.000 291.000 358.000
177.000 262.000 254.000 360.000 218.000 270.000 292.000 361.000
178.000 263.000 255.000 362.000 218.000 269.000 296.000 366.000
179.000 265.000 255.000 364.000 219.000 269.000 291.000 358.000
175.000 261.000 253.000 361.000 220.000 271.000 290.000 359.000
178.000 261.000 254.000 357.000 218.000 268.000 294.000 361.000
177.000 262.000 252.000 357.000 219.000 267.000 291.000 357.000
178.000 261.000 255.000 358.000 220.000 267.000 293.000 358.000
177.000 262.000 254.000 360.000 217.000 263.000 298.000 363.000
173.000 262.000 257.000 369.000 218.000 266.000 298.000 366.000
179.000 264.000 259.000 365.000 219.000 267.000 298.000 364.000
178.000 265.000 251.000 357.000 220.000 265.000 296.000 359.000
176.000 263.000 255.000 367.000 219.000 266.000 294.000 359.000
176.000 262.000 252.000 359.000 219.000 268.000 292.000 360.000
178.000 270.000 251.000 366.000 217.000 268.000 295.000 365.000
176.000 261.000 253.000 360.000 219.000 267.000 294.000 359.000
177.000 262.000 251.000 357.000 218.000 268.000 292.000 358.000
174.000 257.000 261.000 369.000 220.000 269.000 291.000 358.000
176.000 261.000 253.000 360.000 219.000 268.000 292.000 358.000
176.000 260.000 254.000 359.000 219.000 269.000 298.000 368.000
177.000 262.000 253.000 361.000 218.000 266.000 298.000 364.000
177.000 262.000 255.000 362.000 216.000 267.000 296.000 367.000
176.000 262.000 253.000 361.000 218.000 267.000 296.000 365.000
175.000 259.000 254.000 362.000 221.000 268.000 294.000 358.000
176.000 261.000 254.000 362.000 220.000 267.000 295.000 357.000
178.000 262.000 255.000 361.000 217.000 267.000 293.000 363.000
178.000 263.000 255.000 362.000 219.000 267.000 295.000 360.000
177.000 263.000 253.000 358.000 219.000 269.000 290.000 359.000
176.000 261.000 253.000 361.000 219.000 267.000 292.000 358.000
175.000 260.000 255.000 365.000 219.000 269.000 292.000 359.000
178.000 262.000 254.000 356.000 218.000 266.000 293.000 361.000
178.000 261.000 255.000 360.000 220.000 270.000 289.000 356.000
177.000 262.000 253.000 357.000 220.000 269.000 291.000 359.000
178.000 261.000 254.000 356.000 220.000 269.000 291.000 359.000
177.000 261.000 254.000 357.000 221.000 265.000 295.000 356.000
177.000 262.000 256.000 361.000 222.000 268.000 292.000 355.000
177.000 266.000 252.000 364.000 219.000 266.000 297.000 363.000
176.000 262.000 256.000 365.000 220.000 269.000 292.000 359.000
178.000 265.000 253.000 363.000 220.000 268.000 295.000 360.000
179.000 263.000 254.000 362.000 221.000 267.000 294.000 356.000
178.000 266.000 252.000 358.000 217.000 262.000 300.000 362.000
179.000 266.000 253.000 362.000 220.000 267.000 294.000 358.000
175.000 259.000 254.000 361.000 217.000 265.000 298.000 362.000
178.000 263.000 258.000 367.000 217.000 263.000 298.000 363.000
176.000 260.000 252.000 359.000 219.000 267.000 292.000 358.000
175.000 259.000 254.000 361.000 218.000 266.000 295.000 360.000
177.000 263.000 252.000 359.000 219.000 268.000 291.000 359.000
178.000 263.000 252.000 356.000 219.000 269.000 295.000 363.000
176.000 259.000 254.000 358.000 220.000 268.000 291.000 358.000
177.000 260.000 258.000 365.000 220.000 267.000 293.000 358.000
176.000 262.000 255.000 363.000 218.000 268.000 296.000 366.000
178.000 263.000 255.000 360.000 219.000 268.000 293.000 359.000
177.000 261.000 253.000 360.000 220.000 269.000 291.000 358.000
176.000 259.000 254.000 358.000 220.000 267.000 296.000 364.000
174.000 258.000 254.000 360.000 219.000 268.000 290.000 357.000
179.000 263.000 257.000 364.000 221.000 268.000 294.000 357.000
179.000 262.000 259.000 362.000 218.000 265.000 297.000 362.000
173.000 259.000 255.000 365.000 220.000 267.000 293.000 358.000
177.000 263.000 254.000 360.000 219.000 267.000 292.000 359.000
177.000 264.000 251.000 362.000 218.000 266.000 298.000 365.000
175.000 263.000 252.000 361.000 221.000 270.000 290.000 355.000
176.000 264.000 255.000 367.000 220.000 268.000 293.000 359.000
179.000 265.000 253.000 361.000 218.000 265.000 298.000 367.000
177.000 264.000 251.000 362.000 219.000 267.000 294.000 361.000
175.000 260.000 253.000 360.000 219.000 267.000 294.000 360.000
176.000 261.000 254.000 363.000 219.000 266.000 295.000 360.000
175.000 262.000 254.000 362.000 220.000 268.000 292.000 356.000
175.000 257.000 259.000 368.000 218.000 266.000 293.000 362.000
177.000 264.000 255.000 362.000 218.000 271.000 289.000 361.000
178.000 262.000 256.000 361.000 218.000 266.000 292.000 359.000
178.000 262.000 254.000 357.000 219.000 268.000 291.000 358.000
178.000 264.000 252.000 362.000 219.000 267.000 291.000 358.000
179.000 262.000 256.000 361.000 217.000 265.000 296.000 364.000
178.000 263.000 256.000 364.000 218.000 267.000 297.000 361.000
182.000 272.000 247.000 354.000 216.000 264.000 298.000 363.000
184.000 277.000 241.000 348.000 218.000 267.000 295.000 364.000
179.000 265.000 253.000 359.000 218.000 269.000 291.000 360.000
177.000 261.000 255.000 359.000 216.000 264.000 299.000 366.000
178.000 263.000 254.000 359.000 220.000 266.000 294.000 358.000
177.000 268.000 252.000 366.000 217.000 267.000 292.000 360.000
176.000 262.000 252.000 360.000 218.000 265.000 298.000 361.000
183.000 273.000 247.000 352.000 218.000 267.000 296.000 363.000
