145.000 262.000 227.000 366.000 187.000 266.000 264.000 363.000
146.000 261.000 228.000 365.000 186.000 264.000 270.000 371.000
149.000 262.000 225.000 358.000 189.000 270.000 263.000 364.000
148.000 266.000 224.000 364.000 189.000 271.000 263.000 368.000
147.000 260.000 228.000 366.000 188.000 269.000 262.000 364.000
149.000 268.000 223.000 361.000 188.000 266.000 268.000 367.000
146.000 260.000 229.000 367.000 188.000 269.000 266.000 369.000
147.000 261.000 230.000 368.000 189.000 272.000 262.000 365.000
147.000 260.000 229.000 363.000 191.000 271.000 266.000 366.000
146.000 266.000 226.000 370.000 193.000 273.000 265.000 365.000
146.000 263.000 226.000 362.000 191.000 273.000 265.000 367.000
148.000 267.000 220.000 357.000 186.000 266.000 264.000 366.000
146.000 263.000 225.000 360.000 192.000 272.000 266.000 367.000
148.000 265.000 222.000 356.000 186.000 265.000 265.000 364.000
146.000 263.000 224.000 359.000 188.000 272.000 262.000 366.000
147.000 261.000 225.000 360.000 186.000 267.000 262.000 365.000
147.000 263.000 226.000 360.000 188.000 268.000 263.000 365.000
147.000 261.000 229.000 365.000 187.000 265.000 267.000 367.000
149.000 268.000 220.000 357.000 187.000 269.000 263.000 365.000
148.000 262.000 226.000 360.000 186.000 265.000 266.000 364.000
148.000 262.000 227.000 359.000 186.000 265.000 268.000 365.000
147.000 263.000 225.000 360.000 188.000 266.000 266.000 363.000
146.000 261.000 227.000 361.000 188.000 271.000 259.000 361.000
148.000 263.000 226.000 359.000 186.000 265.000 267.000 367.000
146.000 265.000 221.000 357.000 188.000 270.000 259.000 362.000
145.000 261.000 226.000 360.000 187.000 266.000 264.000 362.000
145.000 265.000 222.000 359.000 188.000 266.000 265.000 360.000
146.000 264.000 225.000 361.000 187.000 265.000 265.000 361.000
145.000 261.000 228.000 365.000 189.000 265.000 266.000 361.000
146.000 262.000 229.000 368.000 188.000 266.000 267.000 366.000
146.000 261.000 228.000 362.000 189.000 266.000 265.000 360.000
146.000 262.000 228.000 365.000 189.000 268.000 263.000 362.000
149.000 264.000 223.000 360.000 186.000 266.000 264.000 365.000
147.000 264.000 230.000 370.000 189.000 268.000 262.000 358.000
151.000 268.000 222.000 359.000 189.000 270.000 263.000 364.000
145.000 259.000 229.000 367.000 187.000 270.000 264.000 368.000
146.000 260.000 229.000 362.000 189.000 268.000 259.000 359.000
149.000 262.000 226.000 358.000 192.000 272.000 265.000 365.000
147.000 263.000 224.000 358.000 190.000 271.000 266.000 368.000
147.000 260.000 228.000 364.000 192.000 273.000 267.000 367.000
148.000 265.000 227.000 370.000 193.000 273.000 267.000 367.000
146.000 265.000 228.000 370.000 191.000 272.000 265.000 365.000
146.000 266.000 228.000 372.000 193.000 271.000 267.000 365.000
148.000 262.000 226.000 360.000 193.000 272.000 266.000 367.000
147.000 261.000 226.000 361.000 192.000 272.000 267.000 367.000
151.000 264.000 230.000 366.000 194.000 273.000 266.000 366.000
152.000 266.000 225.000 357.000 192.000 271.000 256.000 354.000
147.000 260.000 229.000 364.000 194.000 272.000 267.000 365.000
149.000 262.000 224.000 355.000 192.000 269.000 270.000 367.000
150.000 267.000 229.000 369.000 189.000 268.000 269.000 367.000
147.000 261.000 230.000 367.000 190.000 268.000 269.000 370.000
152.000 266.000 225.000 356.000 193.000 272.000 256.000 354.000
148.000 265.000 228.000 368.000 191.000 269.000 268.000 368.000
150.000 263.000 226.000 356.000 189.000 269.000 268.000 367.000
150.000 267.000 226.000 368.000 194.000 274.000 267.000 366.000
150.000 263.000 225.000 356.000 190.000 271.000 266.000 366.000
149.000 263.000 227.000 359.000 192.000 270.000 269.000 368.000
151.000 266.000 229.000 365.000 191.000 269.000 269.000 369.000
150.000 263.000 229.000 363.000 193.000 271.000 268.000 367.000
150.000 264.000 227.000 359.000 192.000 270.000 269.000 369.000
149.000 261.000 227.000 359.000 194.000 273.000 267.000 366.000
148.000 264.000 230.000 365.000 193.000 270.000 268.000 365.000
153.000 269.000 221.000 357.000 192.000 270.000 269.000 366.000
150.000 264.000 225.000 359.000 194.000 271.000 268.000 367.000
149.000 262.000 230.000 365.000 191.000 270.000 267.000 368.000
148.000 264.000 227.000 365.000 190.000 268.000 270.000 370.000
150.000 262.000 230.000 365.000 192.000 269.000 268.000 366.000
150.000 264.000 226.000 357.000 192.000 269.000 269.000 366.000
151.000 265.000 228.000 363.000 194.000 274.000 266.000 366.000
150.000 264.000 226.000 362.000 191.000 269.000 270.000 369.000
149.000 263.000 224.000 357.000 191.000 269.000 269.000 368.000
151.000 264.000 226.000 356.000 191.000 270.000 269.000 368.000
152.000 265.000 226.000 359.000 191.000 270.000 267.000 366.000
151.000 265.000 225.000 356.000 191.000 269.000 268.000 367.000
152.000 264.000 228.000 362.000 190.000 270.000 267.000 367.000
152.000 265.000 227.000 358.000 192.000 269.000 269.000 366.000
151.000 262.000 229.000 360.000 193.000 269.000 269.000 366.000
150.000 265.000 225.000 359.000 191.000 269.000 269.000 366.000
151.000 265.000 226.000 357.000 197.000 278.000 253.000 352.000
151.000 264.000 225.000 357.000 191.000 270.000 269.000 369.000
151.000 264.000 225.000 357.000 191.000 270.000 268.000 368.000
150.000 262.000 230.000 361.000 192.000 271.000 267.000 365.000
150.000 265.000 230.000 369.000 191.000 269.000 269.000 370.000
150.000 264.000 225.000 358.000 190.000 269.000 269.000 369.000
151.000 268.000 226.000 367.000 192.000 270.000 268.000 366.000
148.000 264.000 229.000 369.000 193.000 271.000 269.000 366.000
151.000 262.000 229.000 358.000 193.000 268.000 267.000 359.000
151.000 265.000 225.000 356.000 191.000 270.000 268.000 367.000
151.000 264.000 225.000 358.000 191.000 271.000 267.000 368.000
152.000 264.000 228.000 359.000 194.000 273.000 260.000 360.000
150.000 261.000 229.000 360.000 191.000 268.000 269.000 368.000
151.000 261.000 229.000 361.000 192.000 268.000 270.000 367.000
151.000 262.000 231.000 362.000 193.000 271.000 266.000 365.000
152.000 265.000 226.000 355.000 191.000 269.000 270.000 368.000
150.000 261.000 233.000 369.000 194.000 270.000 268.000 364.000
152.000 265.000 225.000 360.000 192.000 268.000 270.000 367.000
150.000 261.000 232.000 363.000 191.000 269.000 268.000 365.000
152.000 263.000 233.000 366.000 193.000 270.000 262.000 362.000
149.000 261.000 231.000 365.000 193.000 269.000 270.000 367.000
152.000 263.000 228.000 356.000 192.000 270.000 268.000 368.000
151.000 263.000 231.000 362.000 191.000 269.000 270.000 371.000
153.000 264.000 231.000 358.000 193.000 269.000 269.000 365.000
153.000 263.000 229.000 356.000 191.000 270.000 269.000 368.000
152.000 264.000 231.000 361.000 194.000 271.000 268.000 365.000
152.000 263.000 229.000 359.000 192.000 270.000 268.000 365.000
152.000 261.000 233.000 362.000 194.000 271.000 270.000 368.000
152.000 262.000 232.000 362.000 193.000 270.000 267.000 364.000
150.000 263.000 229.000 360.000 194.000 269.000 269.000 365.000
152.000 263.000 230.000 361.000 192.000 269.000 270.000 367.000
152.000 261.000 233.000 363.000 191.000 270.000 268.000 368.000
153.000 264.000 229.000 356.000 195.000 270.000 269.000 363.000
153.000 266.000 228.000 358.000 193.000 267.000 271.000 366.000
154.000 268.000 228.000 365.000 192.000 268.000 266.000 363.000
150.000 262.000 234.000 369.000 194.000 269.000 270.000 366.000
152.000 262.000 232.000 363.000 191.000 268.000 270.000 369.000
152.000 264.000 232.000 367.000 193.000 269.000 271.000 367.000
153.000 264.000 231.000 362.000 194.000 270.000 266.000 362.000
153.000 264.000 231.000 361.000 194.000 270.000 270.000 365.000
151.000 262.000 230.000 362.000 193.000 268.000 269.000 365.000
153.000 264.000 229.000 361.000 193.000 271.000 267.000 365.000
154.000 264.000 229.000 357.000 194.000 269.000 269.000 366.000
152.000 263.000 233.000 363.000 193.000 271.000 268.000 366.000
151.000 264.000 231.000 365.000 193.000 269.000 267.000 364.000
151.000 265.000 231.000 366.000 193.000 271.000 268.000 368.000
152.000 263.000 229.000 360.000 192.000 270.000 270.000 370.000
151.000 262.000 230.000 360.000 193.000 270.000 268.000 368.000
152.000 264.000 229.000 358.000 191.000 266.000 270.000 368.000
152.000 264.000 233.000 365.000 193.000 272.000 267.000 368.000
153.000 265.000 227.000 356.000 195.000 272.000 266.000 363.000
151.000 265.000 231.000 366.000 197.000 277.000 255.000 353.000
151.000 261.000 232.000 366.000 197.000 277.000 255.000 354.000
153.000 264.000 232.000 365.000 192.000 270.000 269.000 366.000
152.000 265.000 229.000 361.000 194.000 270.000 268.000 364.000
153.000 264.000 231.000 360.000 192.000 269.000 271.000 370.000
153.000 263.000 234.000 362.000 192.000 269.000 270.000 368.000
151.000 261.000 230.000 363.000 194.000 271.000 268.000 368.000
151.000 264.000 229.000 364.000 197.000 276.000 255.000 353.000
150.000 264.000 234.000 372.000 195.000 271.000 267.000 364.000
151.000 261.000 234.000 370.000 194.000 270.000 266.000 361.000
152.000 265.000 231.000 364.000 194.000 270.000 265.000 363.000
154.000 264.000 232.000 362.000 195.000 269.000 271.000 366.000
153.000 268.000 231.000 368.000 193.000 270.000 265.000 362.000
149.000 262.000 232.000 366.000 192.000 268.000 268.000 365.000
151.000 263.000 232.000 366.000 194.000 271.000 267.000 365.000
150.000 263.000 231.000 367.000 195.000 269.000 269.000 363.000
152.000 264.000 232.000 369.000 192.000 269.000 267.000 364.000
150.000 263.000 231.000 368.000 193.000 269.000 271.000 368.000
150.000 261.000 230.000 364.000 192.000 267.000 268.000 364.000
151.000 264.000 233.000 364.000 192.000 268.000 271.000 369.000
151.000 263.000 233.000 367.000 192.000 269.000 270.000 368.000
151.000 265.000 232.000 369.000 194.000 270.000 268.000 366.000
151.000 263.000 232.000 366.000 193.000 269.000 269.000 367.000
151.000 262.000 234.000 368.000 193.000 269.000 271.000 367.000
153.000 263.000 233.000 362.000 193.000 267.000 272.000 370.000
152.000 263.000 230.000 360.000 191.000 268.000 271.000 369.000
153.000 262.000 232.000 362.000 192.000 268.000 272.000 369.000
152.000 263.000 233.000 363.000 194.000 269.000 271.000 366.000
152.000 266.000 233.000 367.000 195.000 270.000 270.000 365.000
151.000 263.000 233.000 367.000 193.000 268.000 270.000 366.000
151.000 264.000 230.000 361.000 194.000 272.000 265.000 362.000
152.000 263.000 234.000 367.000 194.000 267.000 272.000 366.000
150.000 261.000 233.000 366.000 193.000 269.000 272.000 370.000
151.000 264.000 232.000 368.000 194.000 271.000 271.000 368.000
153.000 262.000 232.000 361.000 192.000 270.000 269.000 368.000
152.000 264.000 229.000 361.000 195.000 271.000 267.000 362.000
151.000 262.000 232.000 367.000 193.000 269.000 270.000 368.000
152.000 263.000 229.000 360.000 192.000 269.000 271.000 368.000
152.000 265.000 227.000 360.000 193.000 270.000 268.000 368.000
153.000 268.000 225.000 358.000 193.000 270.000 270.000 369.000
150.000 262.000 232.000 365.000 194.000 269.000 266.000 362.000
151.000 263.000 230.000 360.000 193.000 270.000 269.000 366.000
153.000 265.000 230.000 359.000 191.000 269.000 269.000 369.000
154.000 268.000 226.000 357.000 192.000 269.000 272.000 369.000
153.000 262.000 233.000 363.000 192.000 270.000 270.000 369.000
153.000 265.000 226.000 357.000 193.000 269.000 270.000 367.000
153.000 262.000 232.000 361.000 193.000 270.000 267.000 365.000
152.000 263.000 233.000 365.000 194.000 270.000 270.000 368.000
151.000 264.000 232.000 368.000 193.000 270.000 270.000 367.000
150.000 261.000 232.000 363.000 194.000 269.000 270.000 367.000
151.000 264.000 231.000 365.000 193.000 266.000 272.000 366.000
152.000 263.000 230.000 360.000 193.000 267.000 270.000 366.000
152.000 265.000 233.000 372.000 192.000 268.000 272.000 369.000
152.000 266.000 230.000 364.000 194.000 269.000 269.000 364.000
152.000 266.000 234.000 372.000 193.000 269.000 272.000 369.000
153.000 267.000 230.000 364.000 193.000 268.000 270.000 367.000
152.000 264.000 233.000 367.000 192.000 268.000 267.000 366.000
149.000 263.000 230.000 366.000 192.000 268.000 271.000 370.000
152.000 261.000 232.000 361.000 192.000 269.000 266.000 364.000
152.000 262.000 232.000 362.000 192.000 268.000 271.000 369.000
152.000 263.000 231.000 360.000 193.000 269.000 269.000 368.000
151.000 263.000 233.000 363.000 193.000 268.000 272.000 367.000
152.000 264.000 233.000 367.000 191.000 270.000 270.000 369.000
152.000 262.000 231.000 361.000 194.000 270.000 268.000 365.000
151.000 266.000 227.000 360.000 192.000 267.000 271.000 365.000
151.000 262.000 232.000 362.000 192.000 270.000 269.000 369.000
150.000 262.000 231.000 366.000 193.000 268.000 268.000 364.000
152.000 265.000 232.000 369.000 193.000 270.000 269.000 368.000
152.000 265.000 234.000 368.000 194.000 270.000 269.000 367.000
151.000 263.000 232.000 366.000 194.000 269.000 270.000 366.000
150.000 262.000 232.000 368.000 194.000 269.000 268.000 364.000
152.000 264.000 234.000 369.000 193.000 269.000 268.000 364.000
151.000 264.000 234.000 368.000 193.000 270.000 267.000 366.000
150.000 262.000 233.000 366.000 194.000 270.000 266.000 365.000
153.000 263.000 230.000 357.000 196.000 271.000 268.000 363.000
150.000 261.000 234.000 369.000 195.000 271.000 269.000 366.000
154.000 263.000 234.000 363.000 194.000 270.000 268.000 364.000
154.000 264.000 233.000 361.000 194.000 269.000 272.000 367.000
154.000 264.000 231.000 358.000 195.000 270.000 266.000 363.000
151.000 263.000 231.000 363.000 195.000 269.000 272.000 367.000
153.000 264.000 234.000 365.000 194.000 269.000 270.000 366.000
151.000 263.000 229.000 367.000 195.000 271.000 268.000 367.000
153.000 263.000 231.000 362.000 193.000 269.000 268.000 364.000
154.000 264.000 231.000 360.000 199.000 278.000 253.000 351.000
154.000 262.000 236.000 364.000 195.000 271.000 269.000 368.000
152.000 262.000 232.000 361.000 194.000 270.000 269.000 366.000
152.000 263.000 235.000 368.000 194.000 271.000 267.000 365.000
153.000 264.000 235.000 370.000 195.000 270.000 268.000 365.000
155.000 267.000 230.000 360.000 194.000 270.000 269.000 365.000
152.000 265.000 232.000 366.000 194.000 269.000 269.000 367.000
153.000 263.000 234.000 361.000 194.000 271.000 265.000 361.000
152.000 262.000 233.000 366.000 195.000 272.000 267.000 365.000
153.000 265.000 228.000 360.000 194.000 271.000 268.000 365.000
154.000 265.000 232.000 364.000 195.000 270.000 267.000 362.000
153.000 264.000 232.000 362.000 195.000 273.000 267.000 365.000
153.000 264.000 230.000 358.000 195.000 270.000 269.000 365.000
155.000 263.000 233.000 359.000 195.000 272.000 267.000 365.000
154.000 263.000 232.000 360.000 195.000 273.000 268.000 365.000
155.000 263.000 235.000 364.000 196.000 272.000 267.000 364.000
155.000 271.000 232.000 370.000 196.000 270.000 265.000 360.000
155.000 266.000 229.000 357.000 195.000 272.000 266.000 362.000
155.000 263.000 234.000 361.000 196.000 272.000 266.000 362.000
152.000 263.000 230.000 367.000 195.000 270.000 269.000 366.000
154.000 262.000 233.000 360.000 196.000 270.000 267.000 361.000
155.000 265.000 236.000 367.000 195.000 271.000 268.000 364.000
156.000 264.000 235.000 366.000 195.000 268.000 271.000 364.000
155.000 263.000 233.000 362.000 193.000 268.000 273.000 368.000
154.000 262.000 229.000 361.000 195.000 268.000 273.000 367.000
154.000 264.000 231.000 359.000 196.000 272.000 267.000 363.000
156.000 266.000 230.000 357.000 195.000 268.000 270.000 361.000
153.000 265.000 232.000 363.000 194.000 268.000 273.000 367.000
151.000 265.000 232.000 367.000 194.000 268.000 273.000 364.000
154.000 264.000 234.000 365.000 194.000 270.000 267.000 362.000
156.000 272.000 230.000 366.000 196.000 272.000 266.000 363.000
154.000 264.000 229.000 358.000 196.000 270.000 268.000 360.000
153.000 264.000 233.000 367.000 196.000 274.000 266.000 362.000
153.000 264.000 233.000 364.000 195.000 272.000 268.000 364.000
153.000 265.000 235.000 371.000 195.000 271.000 268.000 366.000
154.000 263.000 231.000 360.000 194.000 272.000 267.000 364.000
151.000 267.000 232.000 370.000 196.000 274.000 264.000 363.000
154.000 266.000 228.000 360.000 196.000 270.000 267.000 361.000
155.000 265.000 231.000 357.000 195.000 272.000 267.000 366.000
154.000 264.000 230.000 358.000 195.000 271.000 266.000 361.000
150.000 266.000 232.000 371.000 199.000 277.000 259.000 357.000
153.000 265.000 229.000 360.000 194.000 272.000 266.000 362.000
154.000 265.000 231.000 361.000 195.000 270.000 269.000 368.000
152.000 266.000 235.000 370.000 195.000 271.000 267.000 366.000
151.000 267.000 231.000 369.000 194.000 270.000 269.000 369.000
154.000 265.000 230.000 361.000 195.000 272.000 267.000 364.000
153.000 264.000 233.000 365.000 193.000 271.000 268.000 366.000
154.000 263.000 234.000 362.000 194.000 272.000 268.000 368.000
152.000 264.000 231.000 364.000 193.000 269.000 271.000 365.000
152.000 263.000 232.000 365.000 194.000 271.000 265.000 363.000
153.000 263.000 232.000 363.000 195.000 269.000 269.000 360.000
153.000 264.000 233.000 361.000 195.000 272.000 268.000 367.000
153.000 263.000 232.000 361.000 194.000 271.000 268.000 368.000
151.000 262.000 234.000 370.000 194.000 270.000 268.000 367.000
152.000 262.000 233.000 364.000 193.000 270.000 269.000 367.000
153.000 265.000 230.000 363.000 202.000 282.000 249.000 344.000
152.000 262.000 235.000 366.000 194.000 271.000 268.000 365.000
152.000 261.000 235.000 365.000 195.000 271.000 268.000 366.000
154.000 264.000 235.000 363.000 194.000 271.000 270.000 365.000
152.000 266.000 226.000 361.000 195.000 270.000 269.000 366.000
152.000 267.000 230.000 365.000 199.000 279.000 252.000 348.000
152.000 261.000 235.000 366.000 194.000 269.000 270.000 365.000
152.000 265.000 232.000 366.000 195.000 270.000 267.000 363.000
152.000 263.000 231.000 361.000 198.000 277.000 256.000 355.000
154.000 264.000 230.000 359.000 194.000 268.000 270.000 366.000
151.000 262.000 237.000 370.000 195.000 272.000 264.000 361.000
156.000 269.000 232.000 368.000 195.000 272.000 268.000 367.000
155.000 270.000 229.000 365.000 195.000 272.000 267.000 363.000
152.000 266.000 234.000 369.000 195.000 272.000 266.000 365.000
152.000 264.000 234.000 368.000 195.000 271.000 269.000 367.000
150.000 264.000 231.000 368.000 195.000 272.000 265.000 364.000
154.000 263.000 232.000 360.000 195.000 270.000 266.000 359.000
149.000 265.000 230.000 369.000 195.000 272.000 267.000 365.000
151.000 264.000 233.000 368.000 193.000 269.000 268.000 367.000
151.000 267.000 231.000 370.000 194.000 270.000 269.000 368.000
153.000 264.000 233.000 363.000 194.000 271.000 269.000 369.000
153.000 263.000 233.000 364.000 194.000 271.000 269.000 366.000
154.000 265.000 233.000 363.000 194.000 269.000 269.000 368.000
150.000 262.000 233.000 370.000 193.000 270.000 268.000 366.000
153.000 263.000 233.000 363.000 195.000 272.000 267.000 363.000
152.000 263.000 232.000 364.000 194.000 270.000 269.000 365.000
152.000 263.000 234.000 367.000 194.000 270.000 271.000 369.000
152.000 263.000 233.000 367.000 193.000 270.000 268.000 364.000
152.000 263.000 233.000 366.000 192.000 268.000 271.000 369.000
154.000 264.000 233.000 360.000 198.000 275.000 258.000 353.000
151.000 262.000 235.000 371.000 193.000 270.000 268.000 366.000
151.000 263.000 233.000 369.000 193.000 270.000 270.000 368.000
152.000 264.000 232.000 366.000 193.000 271.000 266.000 365.000
