141.000 266.000 216.000 359.000 181.000 271.000 255.000 363.000
141.000 267.000 217.000 363.000 180.000 269.000 253.000 362.000
138.000 268.000 210.000 360.000 180.000 274.000 246.000 359.000
139.000 267.000 213.000 358.000 181.000 273.000 254.000 365.000
140.000 266.000 214.000 359.000 181.000 275.000 250.000 362.000
140.000 268.000 211.000 355.000 180.000 273.000 252.000 363.000
141.000 268.000 215.000 360.000 181.000 274.000 251.000 362.000
139.000 267.000 217.000 363.000 180.000 273.000 253.000 366.000
139.000 269.000 210.000 358.000 180.000 274.000 251.000 363.000
140.000 269.000 210.000 353.000 180.000 273.000 251.000 361.000
141.000 270.000 214.000 362.000 179.000 273.000 252.000 365.000
141.000 268.000 210.000 353.000 178.000 271.000 254.000 368.000
140.000 268.000 212.000 359.000 181.000 273.000 254.000 364.000
142.000 270.000 211.000 360.000 181.000 275.000 244.000 357.000
141.000 269.000 215.000 363.000 183.000 277.000 238.000 349.000
141.000 268.000 214.000 364.000 183.000 275.000 252.000 362.000
139.000 265.000 217.000 363.000 182.000 272.000 253.000 362.000
145.000 272.000 205.000 350.000 183.000 275.000 251.000 361.000
142.000 269.000 212.000 356.000 181.000 274.000 254.000 365.000
141.000 267.000 212.000 356.000 179.000 272.000 254.000 368.000
142.000 268.000 212.000 353.000 179.000 272.000 254.000 367.000
142.000 266.000 212.000 356.000 179.000 272.000 255.000 369.000
142.000 269.000 210.000 358.000 181.000 274.000 253.000 365.000
144.000 270.000 207.000 352.000 179.000 272.000 253.000 362.000
141.000 267.000 215.000 363.000 180.000 273.000 253.000 367.000
138.000 265.000 213.000 361.000 178.000 271.000 255.000 368.000
145.000 275.000 206.000 352.000 180.000 272.000 254.000 362.000
140.000 268.000 215.000 358.000 178.000 272.000 254.000 368.000
139.000 266.000 214.000 363.000 181.000 274.000 252.000 362.000
140.000 270.000 218.000 368.000 178.000 272.000 252.000 366.000
139.000 266.000 218.000 367.000 179.000 273.000 253.000 366.000
140.000 268.000 211.000 355.000 179.000 275.000 249.000 363.000
142.000 269.000 210.000 356.000 180.000 274.000 252.000 363.000
139.000 269.000 209.000 361.000 181.000 276.000 250.000 360.000
144.000 276.000 205.000 353.000 180.000 273.000 253.000 364.000
146.000 273.000 204.000 350.000 178.000 273.000 252.000 365.000
140.000 267.000 210.000 355.000 180.000 273.000 253.000 365.000
138.000 266.000 211.000 360.000 179.000 273.000 252.000 364.000
139.000 264.000 213.000 361.000 180.000 274.000 250.000 363.000
148.000 277.000 201.000 345.000 178.000 273.000 251.000 365.000
140.000 268.000 211.000 356.000 178.000 272.000 250.000 363.000
137.000 265.000 216.000 364.000 177.000 272.000 252.000 364.000
138.000 267.000 209.000 357.000 179.000 273.000 251.000 365.000
139.000 268.000 212.000 361.000 178.000 273.000 252.000 364.000
140.000 267.000 213.000 358.000 178.000 273.000 251.000 364.000
136.000 264.000 210.000 363.000 178.000 273.000 252.000 365.000
146.000 279.000 198.000 347.000 178.000 272.000 252.000 366.000
140.000 269.000 210.000 358.000 178.000 273.000 252.000 365.000
137.000 266.000 210.000 363.000 176.000 272.000 252.000 370.000
139.000 268.000 209.000 358.000 177.000 272.000 251.000 363.000
140.000 268.000 213.000 360.000 177.000 270.000 254.000 364.000
138.000 264.000 215.000 361.000 178.000 273.000 250.000 363.000
139.000 264.000 214.000 359.000 178.000 273.000 250.000 362.000
139.000 265.000 213.000 358.000 181.000 276.000 239.000 353.000
137.000 267.000 210.000 361.000 180.000 273.000 252.000 365.000
139.000 267.000 209.000 355.000 180.000 273.000 253.000 365.000
139.000 270.000 210.000 359.000 181.000 276.000 249.000 361.000
140.000 274.000 202.000 352.000 178.000 272.000 254.000 368.000
142.000 274.000 204.000 352.000 181.000 277.000 240.000 357.000
142.000 273.000 203.000 350.000 177.000 272.000 253.000 368.000
138.000 266.000 211.000 361.000 181.000 275.000 252.000 363.000
138.000 266.000 214.000 361.000 180.000 273.000 251.000 361.000
141.000 271.000 212.000 362.000 179.000 273.000 251.000 361.000
146.000 279.000 200.000 347.000 178.000 273.000 253.000 367.000
138.000 268.000 210.000 359.000 178.000 273.000 252.000 365.000
136.000 267.000 217.000 365.000 179.000 272.000 252.000 362.000
138.000 268.000 215.000 364.000 176.000 271.000 254.000 370.000
136.000 262.000 216.000 365.000 179.000 272.000 252.000 366.000
136.000 264.000 218.000 369.000 180.000 275.000 243.000 357.000
137.000 263.000 220.000 367.000 179.000 273.000 253.000 365.000
137.000 264.000 216.000 367.000 179.000 274.000 252.000 366.000
137.000 266.000 215.000 362.000 178.000 273.000 252.000 366.000
137.000 268.000 209.000 359.000 178.000 272.000 252.000 365.000
138.000 268.000 211.000 365.000 178.000 272.000 253.000 366.000
136.000 264.000 216.000 366.000 177.000 272.000 253.000 370.000
137.000 265.000 214.000 366.000 179.000 272.000 251.000 361.000
140.000 270.000 210.000 360.000 177.000 273.000 253.000 368.000
135.000 264.000 218.000 369.000 178.000 272.000 253.000 368.000
136.000 264.000 217.000 368.000 178.000 273.000 253.000 368.000
137.000 267.000 217.000 368.000 180.000 273.000 252.000 362.000
137.000 264.000 216.000 365.000 179.000 271.000 254.000 363.000
138.000 265.000 217.000 365.000 179.000 271.000 255.000 365.000
137.000 268.000 213.000 363.000 180.000 273.000 254.000 367.000
139.000 265.000 218.000 364.000 179.000 270.000 254.000 363.000
139.000 266.000 214.000 357.000 179.000 274.000 252.000 366.000
139.000 269.000 217.000 368.000 181.000 272.000 257.000 364.000
138.000 266.000 216.000 365.000 180.000 272.000 253.000 362.000
138.000 267.000 217.000 368.000 179.000 272.000 255.000 368.000
140.000 268.000 215.000 364.000 182.000 276.000 252.000 365.000
140.000 273.000 214.000 366.000 180.000 270.000 255.000 362.000
137.000 265.000 221.000 370.000 179.000 273.000 254.000 368.000
138.000 266.000 216.000 364.000 179.000 273.000 254.000 368.000
142.000 271.000 215.000 364.000 179.000 272.000 255.000 366.000
142.000 272.000 214.000 364.000 178.000 272.000 254.000 367.000
140.000 268.000 212.000 358.000 179.000 273.000 254.000 369.000
141.000 273.000 211.000 363.000 180.000 273.000 256.000 369.000
143.000 269.000 213.000 355.000 181.000 274.000 254.000 368.000
140.000 265.000 219.000 364.000 180.000 272.000 255.000 368.000
144.000 269.000 213.000 356.000 181.000 273.000 255.000 367.000
140.000 271.000 218.000 369.000 180.000 271.000 255.000 368.000
142.000 270.000 213.000 356.000 180.000 274.000 253.000 366.000
142.000 270.000 213.000 355.000 180.000 274.000 251.000 367.000
142.000 268.000 214.000 356.000 179.000 273.000 254.000 367.000
139.000 265.000 218.000 363.000 179.000 271.000 256.000 369.000
142.000 269.000 213.000 356.000 179.000 272.000 255.000 370.000
141.000 269.000 212.000 359.000 180.000 273.000 255.000 369.000
133.000 263.000 212.000 366.000 180.000 273.000 254.000 368.000
140.000 269.000 217.000 366.000 179.000 274.000 254.000 369.000
139.000 270.000 219.000 370.000 179.000 273.000 255.000 370.000
139.000 268.000 219.000 369.000 179.000 273.000 254.000 367.000
137.000 267.000 217.000 369.000 178.000 273.000 256.000 370.000
141.000 270.000 213.000 362.000 180.000 274.000 246.000 357.000
137.000 267.000 219.000 371.000 179.000 273.000 254.000 367.000
139.000 271.000 213.000 366.000 178.000 272.000 255.000 369.000
141.000 270.000 211.000 360.000 181.000 274.000 254.000 366.000
138.000 266.000 215.000 365.000 177.000 273.000 254.000 370.000
137.000 266.000 218.000 368.000 178.000 272.000 255.000 371.000
138.000 268.000 217.000 367.000 179.000 273.000 255.000 369.000
139.000 267.000 218.000 368.000 183.000 276.000 253.000 364.000
137.000 264.000 221.000 370.000 179.000 272.000 256.000 369.000
137.000 267.000 220.000 372.000 182.000 274.000 254.000 366.000
139.000 266.000 218.000 367.000 178.000 273.000 254.000 369.000
140.000 269.000 212.000 360.000 181.000 273.000 255.000 368.000
141.000 270.000 211.000 361.000 179.000 274.000 252.000 367.000
138.000 267.000 218.000 368.000 179.000 273.000 253.000 365.000
138.000 265.000 216.000 362.000 178.000 273.000 254.000 368.000
138.000 265.000 216.000 365.000 179.000 273.000 255.000 369.000
140.000 269.000 212.000 362.000 178.000 272.000 255.000 370.000
138.000 266.000 217.000 367.000 179.000 274.000 254.000 367.000
138.000 265.000 219.000 368.000 179.000 274.000 253.000 365.000
141.000 269.000 216.000 364.000 179.000 273.000 256.000 370.000
143.000 272.000 215.000 365.000 179.000 273.000 254.000 370.000
140.000 272.000 214.000 365.000 180.000 274.000 254.000 368.000
139.000 266.000 217.000 364.000 180.000 273.000 255.000 368.000
141.000 271.000 212.000 364.000 180.000 274.000 254.000 368.000
140.000 268.000 218.000 365.000 179.000 273.000 256.000 370.000
140.000 270.000 215.000 367.000 180.000 271.000 258.000 370.000
143.000 270.000 213.000 358.000 179.000 272.000 255.000 368.000
141.000 267.000 215.000 359.000 181.000 273.000 255.000 368.000
141.000 270.000 216.000 363.000 180.000 273.000 255.000 366.000
141.000 270.000 212.000 360.000 179.000 272.000 255.000 368.000
140.000 271.000 213.000 365.000 180.000 273.000 254.000 367.000
140.000 268.000 217.000 365.000 178.000 273.000 255.000 370.000
140.000 270.000 212.000 363.000 179.000 274.000 255.000 369.000
142.000 272.000 214.000 363.000 178.000 272.000 255.000 370.000
141.000 270.000 211.000 362.000 182.000 271.000 254.000 360.000
141.000 272.000 213.000 364.000 177.000 273.000 254.000 370.000
138.000 270.000 210.000 365.000 178.000 271.000 256.000 370.000
139.000 273.000 211.000 366.000 179.000 273.000 254.000 367.000
139.000 268.000 215.000 365.000 181.000 275.000 252.000 366.000
139.000 267.000 217.000 365.000 179.000 273.000 253.000 366.000
137.000 266.000 220.000 370.000 180.000 272.000 256.000 367.000
137.000 265.000 217.000 367.000 180.000 273.000 254.000 367.000
137.000 267.000 220.000 371.000 179.000 269.000 257.000 367.000
138.000 266.000 218.000 368.000 178.000 274.000 255.000 371.000
137.000 266.000 219.000 370.000 177.000 273.000 255.000 370.000
139.000 265.000 217.000 365.000 179.000 273.000 254.000 368.000
141.000 267.000 219.000 364.000 179.000 273.000 254.000 369.000
142.000 271.000 216.000 367.000 179.000 273.000 254.000 368.000
142.000 271.000 212.000 363.000 178.000 273.000 254.000 369.000
141.000 269.000 212.000 360.000 181.000 274.000 253.000 367.000
138.000 266.000 218.000 367.000 178.000 273.000 254.000 369.000
142.000 270.000 214.000 362.000 179.000 273.000 254.000 368.000
138.000 267.000 215.000 366.000 180.000 273.000 254.000 367.000
139.000 266.000 217.000 366.000 179.000 274.000 252.000 366.000
139.000 268.000 217.000 366.000 179.000 273.000 254.000 370.000
138.000 266.000 217.000 368.000 179.000 273.000 255.000 370.000
140.000 267.000 217.000 363.000 178.000 274.000 255.000 371.000
140.000 269.000 212.000 360.000 179.000 273.000 253.000 366.000
140.000 267.000 216.000 362.000 180.000 273.000 255.000 368.000
142.000 268.000 215.000 359.000 181.000 274.000 253.000 366.000
141.000 268.000 220.000 367.000 180.000 274.000 253.000 367.000
143.000 268.000 218.000 360.000 181.000 273.000 254.000 368.000
140.000 266.000 216.000 359.000 187.000 276.000 250.000 354.000
139.000 265.000 218.000 364.000 181.000 274.000 253.000 365.000
142.000 270.000 213.000 356.000 181.000 274.000 253.000 366.000
140.000 266.000 216.000 361.000 181.000 274.000 252.000 365.000
143.000 267.000 216.000 360.000 179.000 273.000 255.000 371.000
139.000 264.000 219.000 364.000 181.000 272.000 255.000 370.000
142.000 269.000 213.000 356.000 180.000 273.000 253.000 369.000
141.000 267.000 217.000 363.000 181.000 273.000 255.000 369.000
141.000 265.000 217.000 362.000 182.000 274.000 254.000 367.000
143.000 269.000 219.000 364.000 181.000 275.000 252.000 364.000
143.000 268.000 219.000 365.000 181.000 272.000 254.000 368.000
142.000 268.000 215.000 358.000 181.000 274.000 252.000 367.000
141.000 267.000 216.000 360.000 182.000 274.000 254.000 368.000
140.000 264.000 220.000 365.000 182.000 274.000 253.000 367.000
143.000 268.000 216.000 358.000 182.000 271.000 255.000 362.000
145.000 270.000 217.000 359.000 180.000 273.000 253.000 369.000
140.000 264.000 220.000 365.000 180.000 274.000 253.000 368.000
144.000 270.000 217.000 363.000 183.000 272.000 255.000 360.000
144.000 268.000 216.000 356.000 183.000 272.000 256.000 362.000
144.000 272.000 214.000 359.000 183.000 273.000 255.000 362.000
146.000 274.000 218.000 366.000 183.000 275.000 252.000 365.000
146.000 274.000 218.000 364.000 184.000 274.000 255.000 362.000
145.000 273.000 214.000 362.000 182.000 274.000 252.000 364.000
140.000 266.000 220.000 369.000 180.000 271.000 256.000 368.000
142.000 267.000 215.000 358.000 183.000 274.000 252.000 366.000
138.000 265.000 220.000 369.000 182.000 275.000 254.000 368.000
139.000 270.000 213.000 367.000 181.000 274.000 252.000 367.000
141.000 268.000 215.000 360.000 179.000 274.000 253.000 368.000
140.000 267.000 218.000 365.000 179.000 273.000 255.000 368.000
139.000 267.000 216.000 366.000 178.000 272.000 256.000 369.000
139.000 267.000 217.000 366.000 178.000 274.000 254.000 369.000
140.000 268.000 213.000 362.000 178.000 272.000 254.000 369.000
141.000 268.000 214.000 363.000 178.000 273.000 255.000 369.000
138.000 265.000 218.000 367.000 180.000 274.000 252.000 364.000
140.000 267.000 212.000 363.000 178.000 273.000 253.000 368.000
138.000 267.000 217.000 368.000 178.000 273.000 255.000 370.000
138.000 268.000 217.000 370.000 177.000 273.000 254.000 370.000
138.000 272.000 213.000 368.000 177.000 273.000 255.000 371.000
140.000 269.000 216.000 365.000 179.000 274.000 254.000 368.000
139.000 268.000 220.000 370.000 179.000 274.000 255.000 370.000
140.000 269.000 215.000 364.000 179.000 274.000 253.000 366.000
138.000 267.000 215.000 367.000 178.000 273.000 255.000 372.000
141.000 271.000 212.000 363.000 178.000 272.000 256.000 371.000
137.000 265.000 217.000 367.000 179.000 274.000 252.000 366.000
138.000 270.000 214.000 369.000 177.000 272.000 255.000 370.000
141.000 271.000 215.000 365.000 179.000 274.000 253.000 368.000
136.000 264.000 220.000 372.000 178.000 274.000 253.000 370.000
139.000 270.000 211.000 362.000 177.000 273.000 254.000 371.000
139.000 268.000 217.000 367.000 177.000 274.000 253.000 370.000
140.000 272.000 212.000 366.000 178.000 272.000 253.000 368.000
140.000 272.000 215.000 367.000 180.000 275.000 253.000 366.000
137.000 273.000 212.000 368.000 177.000 273.000 254.000 370.000
139.000 269.000 212.000 363.000 178.000 272.000 255.000 370.000
141.000 272.000 211.000 363.000 179.000 274.000 255.000 369.000
142.000 268.000 215.000 360.000 179.000 274.000 253.000 368.000
139.000 267.000 220.000 371.000 179.000 272.000 255.000 368.000
139.000 266.000 218.000 365.000 180.000 273.000 256.000 369.000
139.000 267.000 217.000 367.000 179.000 274.000 254.000 367.000
140.000 267.000 216.000 364.000 179.000 273.000 255.000 369.000
140.000 268.000 218.000 364.000 181.000 275.000 251.000 366.000
140.000 267.000 216.000 366.000 180.000 274.000 252.000 369.000
140.000 268.000 215.000 361.000 180.000 273.000 254.000 367.000
140.000 267.000 216.000 364.000 181.000 274.000 254.000 368.000
140.000 268.000 215.000 362.000 179.000 274.000 253.000 369.000
138.000 265.000 216.000 361.000 179.000 274.000 254.000 370.000
140.000 269.000 215.000 364.000 180.000 274.000 254.000 368.000
140.000 267.000 217.000 366.000 179.000 274.000 254.000 369.000
142.000 268.000 216.000 361.000 179.000 273.000 255.000 368.000
140.000 269.000 214.000 363.000 178.000 273.000 254.000 371.000
139.000 268.000 214.000 366.000 178.000 273.000 254.000 369.000
140.000 269.000 216.000 365.000 180.000 275.000 253.000 367.000
140.000 270.000 215.000 363.000 179.000 274.000 254.000 366.000
139.000 268.000 215.000 364.000 179.000 273.000 254.000 365.000
141.000 267.000 216.000 362.000 181.000 272.000 252.000 363.000
143.000 271.000 214.000 359.000 179.000 273.000 255.000 369.000
141.000 268.000 215.000 363.000 185.000 283.000 237.000 350.000
140.000 268.000 218.000 365.000 179.000 275.000 253.000 368.000
139.000 271.000 216.000 365.000 180.000 274.000 254.000 367.000
140.000 267.000 216.000 364.000 179.000 273.000 255.000 370.000
141.000 270.000 214.000 361.000 179.000 274.000 254.000 367.000
142.000 269.000 212.000 362.000 179.000 272.000 256.000 368.000
140.000 266.000 218.000 365.000 180.000 272.000 255.000 367.000
138.000 269.000 216.000 367.000 181.000 274.000 253.000 366.000
140.000 266.000 217.000 362.000 181.000 274.000 253.000 366.000
142.000 268.000 213.000 357.000 179.000 273.000 254.000 369.000
141.000 266.000 218.000 364.000 180.000 274.000 255.000 367.000
139.000 264.000 220.000 366.000 182.000 273.000 254.000 367.000
141.000 268.000 213.000 360.000 181.000 275.000 252.000 365.000
140.000 267.000 218.000 365.000 180.000 273.000 252.000 368.000
141.000 269.000 217.000 365.000 179.000 274.000 253.000 368.000
138.000 269.000 218.000 368.000 181.000 274.000 254.000 369.000
138.000 266.000 215.000 367.000 178.000 274.000 253.000 369.000
140.000 269.000 213.000 365.000 180.000 274.000 253.000 368.000
138.000 268.000 217.000 368.000 180.000 273.000 255.000 367.000
140.000 271.000 215.000 368.000 180.000 275.000 253.000 368.000
140.000 272.000 211.000 364.000 177.000 273.000 254.000 371.000
140.000 267.000 216.000 365.000 177.000 274.000 252.000 369.000
138.000 267.000 216.000 367.000 178.000 273.000 254.000 368.000
145.000 275.000 212.000 366.000 178.000 274.000 252.000 370.000
144.000 274.000 214.000 364.000 180.000 274.000 252.000 369.000
141.000 269.000 215.000 363.000 177.000 273.000 255.000 371.000
141.000 270.000 212.000 357.000 177.000 274.000 253.000 371.000
139.000 267.000 217.000 367.000 179.000 274.000 253.000 368.000
140.000 271.000 213.000 365.000 178.000 274.000 252.000 368.000
139.000 272.000 216.000 371.000 179.000 275.000 251.000 367.000
142.000 274.000 213.000 367.000 179.000 275.000 251.000 366.000
138.000 269.000 215.000 364.000 177.000 275.000 253.000 368.000
137.000 268.000 218.000 371.000 178.000 275.000 251.000 365.000
139.000 267.000 213.000 364.000 177.000 273.000 251.000 369.000
135.000 265.000 217.000 371.000 180.000 274.000 255.000 366.000
137.000 268.000 217.000 367.000 177.000 274.000 252.000 369.000
137.000 270.000 216.000 371.000 178.000 273.000 253.000 369.000
138.000 269.000 214.000 365.000 179.000 274.000 253.000 366.000
141.000 271.000 216.000 367.000 178.000 274.000 253.000 368.000
140.000 272.000 212.000 366.000 177.000 274.000 253.000 371.000
136.000 266.000 219.000 372.000 178.000 273.000 252.000 368.000
139.000 270.000 212.000 363.000 178.000 273.000 254.000 369.000
141.000 271.000 214.000 365.000 177.000 273.000 254.000 371.000
139.000 271.000 216.000 371.000 177.000 274.000 254.000 370.000
140.000 271.000 215.000 366.000 178.000 273.000 253.000 369.000
141.000 273.000 213.000 366.000 177.000 272.000 253.000 368.000
137.000 268.000 213.000 364.000 178.000 273.000 254.000 370.000
136.000 266.000 216.000 369.000 178.000 273.000 253.000 367.000
139.000 269.000 219.000 371.000 177.000 273.000 254.000 370.000
140.000 269.000 211.000 357.000 178.000 274.000 253.000 370.000
140.000 269.000 215.000 366.000 178.000 272.000 252.000 369.000
138.000 269.000 211.000 362.000 179.000 274.000 249.000 364.000
