168.000 268.000 242.000 364.000 208.000 278.000 272.000 357.000
171.000 271.000 241.000 360.000 213.000 278.000 274.000 353.000
171.000 270.000 244.000 363.000 212.000 277.000 274.000 355.000
172.000 268.000 244.000 361.000 211.000 276.000 279.000 359.000
172.000 270.000 245.000 362.000 210.000 278.000 272.000 359.000
171.000 270.000 243.000 363.000 212.000 278.000 277.000 357.000
171.000 269.000 244.000 362.000 212.000 277.000 278.000 358.000
171.000 269.000 246.000 362.000 209.000 277.000 274.000 357.000
171.000 270.000 243.000 360.000 209.000 277.000 275.000 358.000
172.000 272.000 239.000 356.000 211.000 278.000 277.000 357.000
169.000 271.000 240.000 363.000 212.000 280.000 273.000 354.000
171.000 267.000 246.000 364.000 210.000 278.000 277.000 361.000
172.000 272.000 244.000 361.000 211.000 277.000 279.000 360.000
171.000 270.000 242.000 361.000 210.000 276.000 278.000 360.000
172.000 271.000 242.000 359.000 210.000 278.000 278.000 359.000
171.000 269.000 243.000 361.000 210.000 277.000 276.000 359.000
173.000 272.000 241.000 357.000 210.000 277.000 278.000 360.000
172.000 271.000 241.000 359.000 210.000 277.000 279.000 361.000
172.000 271.000 241.000 359.000 211.000 278.000 276.000 358.000
171.000 272.000 242.000 362.000 211.000 277.000 277.000 356.000
172.000 270.000 243.000 359.000 212.000 275.000 279.000 356.000
171.000 270.000 244.000 363.000 212.000 276.000 279.000 357.000
171.000 267.000 246.000 364.000 212.000 279.000 271.000 352.000
172.000 268.000 248.000 363.000 210.000 276.000 280.000 360.000
171.000 269.000 244.000 361.000 211.000 276.000 279.000 358.000
172.000 270.000 245.000 362.000 210.000 276.000 276.000 358.000
172.000 270.000 245.000 361.000 210.000 277.000 275.000 359.000
171.000 269.000 244.000 361.000 212.000 278.000 276.000 356.000
172.000 268.000 247.000 362.000 212.000 276.000 279.000 357.000
171.000 270.000 241.000 359.000 209.000 277.000 274.000 359.000
171.000 268.000 245.000 362.000 211.000 276.000 280.000 359.000
171.000 268.000 246.000 365.000 211.000 277.000 280.000 361.000
171.000 270.000 242.000 361.000 211.000 277.000 279.000 359.000
172.000 272.000 242.000 360.000 212.000 276.000 279.000 358.000
172.000 271.000 243.000 361.000 209.000 278.000 276.000 360.000
172.000 271.000 244.000 360.000 211.000 278.000 278.000 361.000
172.000 271.000 247.000 364.000 210.000 277.000 279.000 361.000
171.000 271.000 241.000 357.000 210.000 278.000 279.000 361.000
172.000 271.000 243.000 362.000 211.000 274.000 282.000 360.000
171.000 272.000 241.000 361.000 211.000 278.000 278.000 360.000
171.000 271.000 243.000 362.000 211.000 278.000 274.000 358.000
172.000 271.000 244.000 361.000 210.000 278.000 278.000 359.000
170.000 271.000 241.000 362.000 212.000 278.000 277.000 357.000
171.000 272.000 241.000 359.000 212.000 278.000 272.000 354.000
172.000 270.000 242.000 360.000 212.000 278.000 274.000 356.000
172.000 272.000 241.000 360.000 210.000 277.000 277.000 357.000
173.000 272.000 242.000 358.000 210.000 279.000 274.000 357.000
171.000 269.000 244.000 364.000 212.000 278.000 274.000 355.000
171.000 269.000 245.000 363.000 212.000 277.000 276.000 357.000
171.000 272.000 242.000 361.000 211.000 276.000 281.000 360.000
173.000 270.000 246.000 362.000 210.000 278.000 276.000 359.000
172.000 271.000 244.000 361.000 211.000 277.000 277.000 357.000
172.000 271.000 243.000 361.000 210.000 277.000 280.000 361.000
172.000 271.000 244.000 361.000 211.000 277.000 279.000 359.000
172.000 268.000 248.000 364.000 212.000 279.000 275.000 357.000
173.000 271.000 245.000 361.000 211.000 278.000 272.000 352.000
172.000 272.000 244.000 362.000 210.000 277.000 279.000 360.000
171.000 272.000 241.000 361.000 210.000 276.000 275.000 358.000
172.000 270.000 245.000 363.000 212.000 276.000 279.000 358.000
172.000 269.000 247.000 364.000 211.000 278.000 280.000 359.000
172.000 272.000 243.000 360.000 212.000 276.000 277.000 356.000
172.000 269.000 246.000 364.000 210.000 276.000 279.000 362.000
170.000 269.000 245.000 366.000 211.000 276.000 279.000 358.000
172.000 271.000 242.000 360.000 211.000 277.000 279.000 359.000
172.000 272.000 241.000 359.000 212.000 278.000 278.000 358.000
172.000 269.000 244.000 362.000 211.000 277.000 280.000 360.000
171.000 271.000 242.000 360.000 210.000 276.000 280.000 364.000
171.000 271.000 244.000 364.000 209.000 276.000 274.000 357.000
172.000 270.000 242.000 359.000 212.000 280.000 269.000 350.000
172.000 270.000 245.000 361.000 210.000 277.000 276.000 359.000
174.000 274.000 241.000 357.000 210.000 278.000 278.000 360.000
172.000 270.000 242.000 360.000 212.000 276.000 281.000 359.000
172.000 271.000 244.000 362.000 211.000 276.000 279.000 360.000
173.000 272.000 243.000 360.000 212.000 280.000 270.000 351.000
172.000 271.000 244.000 362.000 213.000 277.000 279.000 357.000
172.000 270.000 244.000 363.000 212.000 277.000 279.000 358.000
171.000 270.000 245.000 364.000 213.000 276.000 281.000 358.000
174.000 271.000 244.000 361.000 211.000 275.000 283.000 362.000
172.000 269.000 244.000 362.000 211.000 272.000 286.000 362.000
173.000 271.000 243.000 359.000 211.000 277.000 276.000 358.000
172.000 271.000 243.000 362.000 212.000 278.000 279.000 360.000
172.000 269.000 249.000 366.000 211.000 276.000 277.000 359.000
172.000 272.000 244.000 365.000 211.000 277.000 280.000 360.000
171.000 270.000 244.000 363.000 211.000 277.000 277.000 360.000
172.000 270.000 245.000 363.000 213.000 281.000 269.000 352.000
172.000 270.000 245.000 361.000 212.000 278.000 272.000 355.000
172.000 272.000 240.000 359.000 210.000 277.000 277.000 358.000
171.000 268.000 249.000 365.000 212.000 276.000 280.000 357.000
170.000 268.000 246.000 362.000 211.000 276.000 279.000 358.000
171.000 269.000 246.000 363.000 211.000 277.000 281.000 360.000
172.000 271.000 243.000 362.000 210.000 277.000 277.000 361.000
172.000 270.000 246.000 365.000 211.000 277.000 274.000 355.000
171.000 269.000 246.000 362.000 211.000 277.000 279.000 358.000
173.000 269.000 247.000 363.000 211.000 276.000 280.000 359.000
168.000 270.000 243.000 362.000 211.000 278.000 277.000 359.000
172.000 270.000 245.000 363.000 211.000 276.000 276.000 358.000
170.000 271.000 245.000 366.000 210.000 277.000 279.000 358.000
169.000 270.000 243.000 363.000 209.000 279.000 276.000 361.000
171.000 270.000 245.000 364.000 210.000 278.000 279.000 361.000
169.000 271.000 242.000 365.000 209.000 279.000 274.000 360.000
169.000 271.000 242.000 365.000 212.000 277.000 275.000 356.000
170.000 269.000 246.000 367.000 207.000 277.000 278.000 364.000
169.000 268.000 245.000 365.000 208.000 278.000 276.000 361.000
169.000 269.000 245.000 368.000 208.000 279.000 276.000 362.000
170.000 268.000 247.000 367.000 209.000 280.000 275.000 362.000
170.000 270.000 243.000 364.000 210.000 277.000 277.000 359.000
171.000 271.000 242.000 362.000 209.000 277.000 276.000 360.000
171.000 269.000 245.000 365.000 209.000 279.000 275.000 359.000
171.000 272.000 240.000 360.000 210.000 279.000 275.000 358.000
171.000 270.000 243.000 362.000 210.000 278.000 276.000 358.000
172.000 271.000 241.000 360.000 211.000 278.000 277.000 355.000
172.000 271.000 244.000 363.000 211.000 279.000 276.000 357.000
169.000 270.000 243.000 364.000 210.000 278.000 276.000 359.000
171.000 270.000 241.000 360.000 209.000 277.000 277.000 361.000
172.000 270.000 243.000 362.000 210.000 277.000 278.000 359.000
171.000 272.000 239.000 357.000 211.000 278.000 276.000 356.000
171.000 269.000 245.000 363.000 210.000 278.000 276.000 358.000
169.000 271.000 241.000 362.000 211.000 277.000 280.000 359.000
171.000 270.000 244.000 365.000 211.000 280.000 273.000 356.000
170.000 270.000 243.000 364.000 212.000 281.000 272.000 356.000
171.000 272.000 239.000 358.000 210.000 276.000 280.000 360.000
171.000 270.000 243.000 363.000 210.000 277.000 275.000 355.000
173.000 270.000 248.000 363.000 211.000 278.000 274.000 356.000
172.000 270.000 246.000 362.000 209.000 278.000 273.000 359.000
171.000 270.000 245.000 362.000 209.000 279.000 274.000 359.000
172.000 272.000 244.000 363.000 209.000 279.000 271.000 354.000
172.000 271.000 243.000 360.000 209.000 278.000 274.000 357.000
171.000 271.000 245.000 364.000 209.000 278.000 274.000 358.000
169.000 270.000 242.000 363.000 209.000 277.000 274.000 359.000
170.000 269.000 245.000 363.000 208.000 276.000 274.000 357.000
172.000 270.000 246.000 364.000 206.000 274.000 273.000 356.000
170.000 270.000 243.000 359.000 208.000 275.000 275.000 358.000
172.000 270.000 244.000 360.000 208.000 277.000 273.000 357.000
171.000 272.000 240.000 361.000 207.000 274.000 274.000 357.000
171.000 269.000 245.000 364.000 208.000 275.000 274.000 356.000
169.000 270.000 244.000 366.000 209.000 278.000 273.000 356.000
170.000 268.000 245.000 364.000 209.000 278.000 273.000 358.000
172.000 271.000 243.000 363.000 210.000 276.000 275.000 357.000
172.000 273.000 241.000 360.000 212.000 279.000 272.000 353.000
171.000 270.000 242.000 359.000 208.000 278.000 274.000 358.000
171.000 270.000 244.000 360.000 210.000 277.000 275.000 358.000
170.000 272.000 241.000 363.000 210.000 278.000 273.000 356.000
172.000 271.000 245.000 361.000 210.000 276.000 276.000 357.000
171.000 269.000 247.000 364.000 209.000 278.000 275.000 359.000
172.000 271.000 242.000 357.000 209.000 279.000 275.000 360.000
170.000 270.000 244.000 365.000 209.000 278.000 274.000 359.000
170.000 273.000 238.000 356.000 206.000 275.000 274.000 357.000
170.000 273.000 238.000 357.000 209.000 278.000 276.000 362.000
172.000 274.000 238.000 356.000 209.000 278.000 277.000 358.000
170.000 271.000 242.000 360.000 207.000 275.000 274.000 360.000
172.000 272.000 242.000 360.000 208.000 278.000 274.000 359.000
170.000 269.000 241.000 359.000 207.000 275.000 274.000 359.000
170.000 272.000 242.000 361.000 209.000 278.000 275.000 358.000
171.000 272.000 239.000 356.000 213.000 280.000 273.000 353.000
171.000 274.000 239.000 357.000 209.000 277.000 274.000 357.000
172.000 272.000 244.000 361.000 208.000 277.000 274.000 358.000
170.000 271.000 241.000 361.000 210.000 278.000 274.000 358.000
172.000 271.000 241.000 358.000 213.000 284.000 271.000 354.000
174.000 275.000 241.000 357.000 210.000 278.000 275.000 358.000
171.000 272.000 241.000 363.000 212.000 280.000 275.000 355.000
172.000 272.000 240.000 360.000 211.000 278.000 273.000 355.000
169.000 272.000 240.000 361.000 210.000 280.000 273.000 357.000
171.000 273.000 239.000 360.000 209.000 277.000 275.000 358.000
173.000 272.000 243.000 359.000 210.000 278.000 273.000 358.000
170.000 273.000 240.000 362.000 212.000 278.000 275.000 353.000
173.000 273.000 241.000 359.000 210.000 278.000 275.000 358.000
171.000 271.000 243.000 362.000 209.000 280.000 275.000 360.000
172.000 272.000 241.000 359.000 210.000 278.000 275.000 359.000
171.000 271.000 242.000 360.000 209.000 279.000 274.000 359.000
170.000 272.000 239.000 361.000 210.000 279.000 276.000 362.000
169.000 273.000 237.000 363.000 211.000 281.000 274.000 358.000
171.000 272.000 241.000 361.000 209.000 280.000 273.000 358.000
170.000 273.000 240.000 364.000 209.000 279.000 277.000 360.000
173.000 272.000 242.000 358.000 213.000 280.000 274.000 355.000
171.000 274.000 239.000 362.000 209.000 279.000 276.000 362.000
171.000 271.000 243.000 361.000 212.000 283.000 272.000 355.000
171.000 271.000 244.000 362.000 210.000 281.000 273.000 358.000
171.000 274.000 240.000 361.000 210.000 279.000 276.000 359.000
170.000 272.000 239.000 361.000 208.000 277.000 278.000 364.000
169.000 270.000 242.000 364.000 210.000 279.000 276.000 361.000
171.000 273.000 240.000 361.000 212.000 279.000 272.000 351.000
169.000 274.000 238.000 362.000 209.000 278.000 275.000 359.000
171.000 271.000 242.000 359.000 209.000 277.000 275.000 360.000
171.000 274.000 240.000 360.000 209.000 278.000 275.000 359.000
172.000 274.000 242.000 360.000 210.000 279.000 275.000 358.000
171.000 272.000 242.000 361.000 210.000 279.000 275.000 358.000
170.000 275.000 240.000 363.000 210.000 280.000 273.000 357.000
170.000 269.000 243.000 363.000 211.000 281.000 272.000 357.000
169.000 269.000 243.000 365.000 210.000 279.000 272.000 356.000
169.000 273.000 241.000 362.000 208.000 278.000 276.000 360.000
171.000 272.000 242.000 362.000 211.000 280.000 273.000 356.000
171.000 273.000 242.000 362.000 209.000 279.000 274.000 356.000
169.000 269.000 244.000 368.000 209.000 277.000 275.000 358.000
168.000 270.000 240.000 364.000 207.000 274.000 274.000 357.000
170.000 272.000 241.000 363.000 208.000 279.000 274.000 360.000
168.000 271.000 239.000 362.000 208.000 277.000 275.000 360.000
169.000 271.000 242.000 363.000 208.000 277.000 274.000 358.000
168.000 272.000 239.000 363.000 208.000 277.000 278.000 362.000
170.000 271.000 243.000 361.000 207.000 277.000 275.000 360.000
169.000 271.000 240.000 361.000 208.000 276.000 274.000 360.000
168.000 269.000 241.000 365.000 206.000 275.000 274.000 359.000
168.000 271.000 239.000 359.000 208.000 277.000 280.000 364.000
168.000 271.000 240.000 364.000 205.000 274.000 272.000 357.000
168.000 272.000 240.000 364.000 210.000 279.000 276.000 357.000
169.000 272.000 241.000 361.000 206.000 277.000 272.000 358.000
168.000 273.000 237.000 362.000 208.000 278.000 275.000 360.000
169.000 272.000 240.000 364.000 207.000 276.000 274.000 358.000
167.000 273.000 238.000 363.000 207.000 280.000 275.000 362.000
169.000 271.000 240.000 363.000 208.000 277.000 278.000 364.000
169.000 271.000 241.000 361.000 209.000 279.000 273.000 360.000
168.000 270.000 242.000 365.000 209.000 278.000 279.000 363.000
169.000 273.000 239.000 362.000 209.000 278.000 277.000 361.000
166.000 270.000 242.000 369.000 209.000 279.000 277.000 359.000
169.000 273.000 240.000 362.000 208.000 280.000 273.000 360.000
169.000 273.000 240.000 363.000 209.000 278.000 274.000 358.000
168.000 272.000 242.000 367.000 209.000 278.000 276.000 360.000
170.000 272.000 241.000 361.000 208.000 278.000 276.000 361.000
170.000 274.000 244.000 367.000 208.000 279.000 272.000 359.000
170.000 274.000 240.000 363.000 208.000 278.000 274.000 359.000
168.000 271.000 241.000 364.000 209.000 278.000 277.000 359.000
170.000 272.000 242.000 363.000 208.000 279.000 276.000 362.000
168.000 270.000 241.000 365.000 208.000 277.000 277.000 362.000
169.000 270.000 243.000 364.000 208.000 278.000 275.000 359.000
169.000 271.000 241.000 364.000 208.000 277.000 277.000 363.000
170.000 272.000 241.000 364.000 209.000 278.000 275.000 360.000
168.000 273.000 239.000 363.000 209.000 279.000 277.000 359.000
168.000 272.000 241.000 364.000 208.000 279.000 275.000 360.000
169.000 272.000 242.000 364.000 209.000 278.000 279.000 362.000
169.000 272.000 242.000 364.000 208.000 277.000 275.000 360.000
168.000 271.000 242.000 364.000 209.000 279.000 279.000 363.000
168.000 273.000 240.000 363.000 206.000 275.000 275.000 360.000
167.000 270.000 241.000 366.000 209.000 279.000 278.000 363.000
170.000 271.000 243.000 364.000 207.000 278.000 276.000 362.000
169.000 271.000 242.000 364.000 207.000 276.000 275.000 360.000
170.000 271.000 242.000 361.000 209.000 278.000 277.000 360.000
169.000 271.000 241.000 363.000 209.000 278.000 277.000 359.000
170.000 273.000 243.000 362.000 207.000 277.000 278.000 365.000
169.000 270.000 243.000 364.000 209.000 279.000 280.000 364.000
169.000 273.000 239.000 361.000 209.000 280.000 276.000 358.000
167.000 269.000 242.000 365.000 208.000 279.000 277.000 362.000
168.000 269.000 242.000 364.000 207.000 277.000 276.000 364.000
169.000 270.000 241.000 361.000 207.000 280.000 272.000 360.000
167.000 272.000 239.000 364.000 208.000 280.000 276.000 364.000
169.000 274.000 239.000 364.000 208.000 279.000 278.000 362.000
169.000 270.000 244.000 364.000 208.000 279.000 278.000 363.000
168.000 272.000 239.000 361.000 209.000 280.000 275.000 359.000
171.000 272.000 240.000 359.000 208.000 280.000 276.000 363.000
168.000 275.000 236.000 362.000 211.000 280.000 274.000 356.000
169.000 272.000 240.000 362.000 208.000 280.000 272.000 360.000
167.000 272.000 241.000 364.000 208.000 279.000 278.000 363.000
167.000 269.000 241.000 364.000 208.000 278.000 278.000 363.000
168.000 272.000 241.000 365.000 208.000 279.000 278.000 363.000
168.000 273.000 238.000 362.000 209.000 278.000 278.000 361.000
168.000 275.000 238.000 364.000 208.000 279.000 277.000 360.000
167.000 272.000 239.000 364.000 208.000 279.000 277.000 360.000
169.000 274.000 239.000 363.000 208.000 280.000 276.000 362.000
167.000 270.000 240.000 365.000 208.000 279.000 273.000 359.000
171.000 272.000 239.000 360.000 207.000 279.000 277.000 361.000
168.000 272.000 240.000 364.000 209.000 280.000 277.000 360.000
167.000 271.000 241.000 365.000 210.000 281.000 272.000 358.000
168.000 272.000 240.000 363.000 208.000 280.000 272.000 359.000
170.000 274.000 237.000 360.000 208.000 279.000 276.000 361.000
168.000 272.000 237.000 361.000 209.000 280.000 272.000 358.000
169.000 274.000 236.000 358.000 207.000 280.000 275.000 361.000
169.000 276.000 236.000 357.000 207.000 280.000 275.000 359.000
167.000 270.000 240.000 365.000 207.000 280.000 271.000 360.000
167.000 271.000 240.000 365.000 208.000 279.000 275.000 360.000
168.000 271.000 240.000 362.000 208.000 279.000 276.000 359.000
169.000 276.000 235.000 356.000 208.000 279.000 274.000 358.000
168.000 272.000 239.000 364.000 207.000 280.000 272.000 362.000
169.000 277.000 232.000 353.000 207.000 279.000 275.000 362.000
167.000 273.000 238.000 365.000 207.000 280.000 273.000 359.000
169.000 275.000 233.000 355.000 204.000 277.000 275.000 366.000
169.000 274.000 234.000 357.000 207.000 280.000 276.000 361.000
167.000 268.000 242.000 363.000 206.000 281.000 271.000 359.000
169.000 275.000 234.000 358.000 206.000 281.000 270.000 360.000
169.000 273.000 237.000 361.000 205.000 278.000 274.000 363.000
168.000 275.000 235.000 361.000 207.000 280.000 273.000 360.000
168.000 273.000 235.000 357.000 206.000 282.000 262.000 350.000
168.000 276.000 234.000 359.000 205.000 280.000 268.000 356.000
169.000 277.000 234.000 357.000 206.000 278.000 273.000 360.000
168.000 275.000 233.000 356.000 206.000 281.000 266.000 357.000
170.000 276.000 232.000 352.000 207.000 280.000 274.000 362.000
167.000 274.000 235.000 361.000 206.000 280.000 273.000 358.000
168.000 275.000 234.000 355.000 207.000 280.000 274.000 360.000
170.000 276.000 234.000 359.000 206.000 280.000 271.000 358.000
168.000 275.000 233.000 359.000 207.000 279.000 274.000 359.000
168.000 276.000 234.000 357.000 205.000 278.000 275.000 367.000
169.000 276.000 235.000 358.000 206.000 279.000 274.000 360.000
169.000 275.000 235.000 358.000 205.000 281.000 266.000 355.000
168.000 274.000 233.000 355.000 207.000 279.000 274.000 360.000
169.000 276.000 234.000 356.000 206.000 279.000 273.000 362.000
169.000 273.000 237.000 363.000 207.000 279.000 276.000 361.000
166.000 276.000 232.000 360.000 206.000 278.000 274.000 359.000
168.000 275.000 233.000 357.000 208.000 280.000 274.000 361.000
170.000 276.000 235.000 358.000 208.000 281.000 274.000 360.000
167.000 271.000 238.000 363.000 207.000 281.000 275.000 360.000
167.000 275.000 234.000 358.000 208.000 277.000 279.000 361.000
170.000 276.000 235.000 356.000 207.000 278.000 274.000 359.000
168.000 275.000 236.000 361.000 207.000 279.000 273.000 361.000
