157.000 280.000 222.000 362.000 193.000 281.000 261.000 367.000
159.000 278.000 225.000 362.000 195.000 282.000 264.000 367.000
159.000 278.000 224.000 357.000 195.000 282.000 263.000 364.000
160.000 277.000 226.000 361.000 196.000 283.000 263.000 365.000
158.000 277.000 226.000 364.000 194.000 283.000 262.000 366.000
159.000 276.000 226.000 358.000 196.000 284.000 258.000 360.000
158.000 277.000 225.000 361.000 195.000 282.000 264.000 367.000
158.000 279.000 227.000 365.000 195.000 282.000 263.000 365.000
159.000 281.000 225.000 361.000 196.000 282.000 264.000 365.000
160.000 276.000 226.000 360.000 196.000 284.000 260.000 362.000
159.000 277.000 226.000 362.000 195.000 283.000 262.000 364.000
159.000 279.000 222.000 357.000 196.000 284.000 260.000 360.000
159.000 280.000 222.000 356.000 195.000 282.000 261.000 360.000
159.000 277.000 226.000 358.000 196.000 284.000 260.000 361.000
158.000 276.000 225.000 359.000 195.000 283.000 262.000 364.000
159.000 279.000 222.000 357.000 196.000 285.000 258.000 360.000
158.000 279.000 224.000 361.000 195.000 283.000 262.000 364.000
159.000 277.000 228.000 361.000 194.000 283.000 262.000 367.000
158.000 275.000 228.000 361.000 195.000 283.000 260.000 360.000
158.000 275.000 228.000 364.000 195.000 282.000 262.000 362.000
158.000 279.000 221.000 356.000 195.000 283.000 261.000 362.000
159.000 276.000 224.000 358.000 194.000 283.000 264.000 367.000
158.000 276.000 227.000 360.000 195.000 282.000 260.000 361.000
158.000 275.000 225.000 360.000 195.000 286.000 257.000 360.000
158.000 277.000 224.000 359.000 195.000 283.000 260.000 360.000
159.000 279.000 221.000 356.000 195.000 281.000 263.000 362.000
158.000 276.000 224.000 359.000 195.000 283.000 263.000 365.000
159.000 277.000 224.000 358.000 195.000 284.000 261.000 363.000
159.000 278.000 225.000 360.000 195.000 283.000 263.000 365.000
158.000 276.000 227.000 362.000 195.000 282.000 263.000 364.000
158.000 276.000 225.000 359.000 194.000 282.000 262.000 367.000
159.000 277.000 225.000 357.000 195.000 283.000 263.000 364.000
158.000 275.000 227.000 362.000 194.000 283.000 260.000 366.000
157.000 275.000 225.000 360.000 194.000 283.000 261.000 366.000
158.000 276.000 228.000 364.000 194.000 282.000 260.000 366.000
158.000 276.000 228.000 365.000 194.000 280.000 262.000 363.000
158.000 276.000 225.000 360.000 194.000 281.000 261.000 361.000
156.000 275.000 227.000 365.000 194.000 283.000 260.000 363.000
158.000 275.000 229.000 365.000 194.000 283.000 259.000 362.000
159.000 277.000 224.000 356.000 193.000 280.000 261.000 367.000
158.000 277.000 225.000 360.000 194.000 282.000 263.000 367.000
158.000 279.000 223.000 359.000 194.000 282.000 263.000 368.000
158.000 276.000 226.000 362.000 195.000 284.000 260.000 363.000
159.000 279.000 227.000 362.000 194.000 282.000 264.000 367.000
158.000 277.000 223.000 357.000 195.000 283.000 264.000 365.000
158.000 275.000 228.000 361.000 196.000 283.000 263.000 366.000
158.000 276.000 227.000 362.000 195.000 284.000 262.000 364.000
158.000 277.000 225.000 360.000 197.000 285.000 261.000 360.000
159.000 278.000 226.000 361.000 194.000 282.000 264.000 367.000
159.000 279.000 225.000 362.000 194.000 283.000 263.000 367.000
159.000 278.000 223.000 355.000 195.000 283.000 262.000 365.000
159.000 277.000 227.000 359.000 194.000 283.000 260.000 362.000
158.000 274.000 228.000 363.000 194.000 283.000 262.000 366.000
158.000 277.000 223.000 357.000 198.000 290.000 245.000 350.000
157.000 274.000 230.000 367.000 193.000 282.000 261.000 368.000
157.000 275.000 226.000 364.000 193.000 284.000 259.000 365.000
157.000 274.000 227.000 366.000 193.000 281.000 261.000 366.000
158.000 275.000 229.000 365.000 195.000 284.000 259.000 360.000
157.000 272.000 231.000 368.000 194.000 282.000 261.000 367.000
157.000 273.000 231.000 366.000 194.000 284.000 260.000 364.000
157.000 275.000 226.000 362.000 195.000 282.000 261.000 362.000
158.000 277.000 225.000 358.000 194.000 281.000 260.000 362.000
160.000 277.000 226.000 357.000 194.000 283.000 261.000 364.000
158.000 277.000 225.000 360.000 194.000 283.000 259.000 363.000
158.000 275.000 226.000 361.000 194.000 281.000 261.000 363.000
158.000 277.000 225.000 360.000 193.000 282.000 261.000 368.000
156.000 276.000 226.000 363.000 195.000 282.000 261.000 361.000
158.000 276.000 224.000 359.000 196.000 283.000 263.000 361.000
158.000 279.000 221.000 355.000 193.000 282.000 262.000 367.000
158.000 277.000 224.000 358.000 196.000 281.000 264.000 362.000
159.000 276.000 229.000 362.000 194.000 283.000 262.000 368.000
159.000 276.000 225.000 360.000 195.000 282.000 264.000 366.000
159.000 279.000 221.000 355.000 194.000 283.000 263.000 368.000
160.000 279.000 222.000 356.000 195.000 282.000 262.000 362.000
159.000 278.000 222.000 356.000 195.000 283.000 259.000 359.000
158.000 277.000 227.000 361.000 194.000 282.000 263.000 368.000
159.000 278.000 226.000 363.000 194.000 283.000 261.000 367.000
160.000 279.000 221.000 354.000 195.000 282.000 264.000 366.000
158.000 277.000 223.000 357.000 195.000 282.000 262.000 361.000
159.000 276.000 226.000 360.000 195.000 282.000 263.000 366.000
158.000 278.000 222.000 357.000 195.000 283.000 263.000 364.000
159.000 279.000 224.000 360.000 197.000 284.000 257.000 357.000
159.000 279.000 225.000 361.000 195.000 282.000 263.000 363.000
159.000 276.000 227.000 360.000 194.000 282.000 261.000 364.000
159.000 278.000 223.000 356.000 195.000 281.000 262.000 362.000
159.000 276.000 226.000 360.000 195.000 282.000 261.000 363.000
160.000 279.000 224.000 357.000 195.000 283.000 262.000 361.000
158.000 276.000 224.000 358.000 195.000 282.000 260.000 361.000
158.000 274.000 229.000 363.000 195.000 282.000 259.000 359.000
160.000 279.000 222.000 355.000 196.000 278.000 266.000 362.000
158.000 278.000 225.000 362.000 196.000 283.000 264.000 364.000
158.000 278.000 226.000 364.000 194.000 282.000 264.000 367.000
159.000 277.000 227.000 362.000 196.000 282.000 261.000 361.000
158.000 275.000 228.000 363.000 196.000 284.000 260.000 361.000
159.000 278.000 226.000 364.000 196.000 281.000 263.000 362.000
159.000 278.000 224.000 359.000 195.000 282.000 263.000 365.000
158.000 278.000 225.000 363.000 195.000 284.000 261.000 362.000
158.000 275.000 226.000 360.000 195.000 282.000 261.000 360.000
160.000 279.000 222.000 356.000 195.000 284.000 259.000 360.000
157.000 274.000 229.000 363.000 195.000 279.000 265.000 363.000
159.000 277.000 226.000 358.000 194.000 282.000 262.000 364.000
159.000 276.000 225.000 358.000 195.000 283.000 260.000 362.000
160.000 277.000 224.000 357.000 195.000 283.000 263.000 364.000
160.000 274.000 230.000 360.000 195.000 282.000 260.000 363.000
159.000 277.000 223.000 357.000 194.000 282.000 261.000 365.000
157.000 279.000 221.000 360.000 195.000 283.000 259.000 361.000
158.000 280.000 221.000 361.000 194.000 282.000 259.000 363.000
158.000 275.000 227.000 366.000 194.000 281.000 259.000 359.000
157.000 273.000 230.000 368.000 194.000 281.000 262.000 366.000
157.000 275.000 227.000 361.000 194.000 283.000 259.000 366.000
158.000 278.000 224.000 361.000 193.000 282.000 259.000 366.000
159.000 278.000 223.000 356.000 194.000 282.000 259.000 365.000
159.000 278.000 224.000 356.000 193.000 281.000 259.000 364.000
159.000 279.000 223.000 358.000 196.000 284.000 261.000 365.000
158.000 275.000 225.000 358.000 194.000 282.000 260.000 365.000
158.000 277.000 223.000 360.000 199.000 291.000 244.000 348.000
158.000 278.000 221.000 355.000 194.000 282.000 261.000 361.000
159.000 278.000 221.000 355.000 193.000 280.000 261.000 367.000
159.000 276.000 228.000 361.000 195.000 281.000 259.000 360.000
158.000 278.000 222.000 360.000 193.000 282.000 260.000 366.000
158.000 277.000 223.000 359.000 194.000 283.000 258.000 360.000
160.000 281.000 223.000 359.000 194.000 283.000 260.000 366.000
156.000 276.000 221.000 357.000 193.000 281.000 260.000 366.000
159.000 278.000 220.000 355.000 194.000 282.000 260.000 366.000
159.000 278.000 223.000 358.000 196.000 284.000 256.000 359.000
159.000 278.000 223.000 354.000 195.000 284.000 260.000 363.000
159.000 278.000 222.000 356.000 194.000 284.000 258.000 361.000
159.000 276.000 227.000 360.000 193.000 281.000 261.000 367.000
159.000 279.000 223.000 355.000 193.000 282.000 260.000 366.000
159.000 278.000 223.000 354.000 193.000 282.000 259.000 366.000
159.000 278.000 225.000 357.000 193.000 283.000 260.000 365.000
159.000 278.000 224.000 356.000 194.000 283.000 256.000 359.000
159.000 280.000 221.000 355.000 193.000 281.000 260.000 366.000
157.000 274.000 228.000 363.000 194.000 283.000 259.000 364.000
158.000 278.000 221.000 355.000 193.000 281.000 261.000 366.000
158.000 277.000 221.000 355.000 193.000 283.000 260.000 366.000
158.000 278.000 221.000 355.000 194.000 281.000 260.000 366.000
158.000 279.000 223.000 360.000 198.000 292.000 244.000 349.000
158.000 279.000 220.000 359.000 194.000 283.000 261.000 365.000
157.000 275.000 227.000 362.000 194.000 284.000 258.000 361.000
157.000 277.000 223.000 362.000 194.000 283.000 260.000 364.000
158.000 276.000 226.000 360.000 193.000 281.000 260.000 366.000
157.000 276.000 225.000 360.000 194.000 282.000 259.000 362.000
156.000 275.000 227.000 364.000 195.000 283.000 259.000 360.000
156.000 278.000 220.000 363.000 194.000 283.000 256.000 360.000
156.000 280.000 216.000 356.000 193.000 282.000 257.000 360.000
158.000 276.000 224.000 359.000 193.000 281.000 262.000 365.000
156.000 277.000 224.000 361.000 190.000 279.000 256.000 361.000
156.000 279.000 218.000 358.000 193.000 281.000 260.000 365.000
156.000 276.000 224.000 363.000 191.000 280.000 257.000 363.000
156.000 275.000 225.000 362.000 188.000 279.000 259.000 365.000
157.000 279.000 222.000 362.000 191.000 281.000 258.000 363.000
153.000 275.000 224.000 363.000 194.000 283.000 259.000 362.000
155.000 277.000 222.000 362.000 194.000 283.000 258.000 361.000
155.000 278.000 218.000 359.000 193.000 282.000 259.000 364.000
154.000 278.000 217.000 360.000 191.000 282.000 256.000 360.000
156.000 276.000 224.000 364.000 194.000 283.000 259.000 364.000
158.000 281.000 218.000 355.000 193.000 281.000 259.000 365.000
159.000 279.000 222.000 359.000 192.000 281.000 260.000 367.000
157.000 279.000 223.000 362.000 195.000 282.000 259.000 361.000
154.000 275.000 224.000 364.000 187.000 276.000 260.000 367.000
159.000 279.000 223.000 358.000 190.000 279.000 258.000 362.000
158.000 277.000 221.000 355.000 193.000 281.000 258.000 363.000
157.000 277.000 223.000 359.000 191.000 281.000 258.000 363.000
159.000 282.000 218.000 357.000 194.000 282.000 261.000 364.000
159.000 280.000 219.000 355.000 190.000 280.000 259.000 364.000
158.000 280.000 222.000 359.000 188.000 278.000 257.000 364.000
159.000 280.000 222.000 359.000 194.000 283.000 258.000 362.000
157.000 277.000 224.000 360.000 193.000 279.000 262.000 363.000
157.000 277.000 223.000 361.000 193.000 282.000 261.000 366.000
156.000 275.000 224.000 362.000 194.000 283.000 262.000 364.000
157.000 276.000 223.000 362.000 200.000 291.000 249.000 351.000
157.000 276.000 225.000 362.000 194.000 283.000 260.000 365.000
156.000 273.000 227.000 365.000 193.000 282.000 259.000 365.000
159.000 276.000 225.000 358.000 194.000 282.000 259.000 364.000
158.000 276.000 226.000 359.000 193.000 283.000 259.000 365.000
158.000 277.000 227.000 360.000 193.000 281.000 260.000 366.000
158.000 279.000 220.000 358.000 194.000 283.000 260.000 364.000
159.000 279.000 223.000 357.000 198.000 289.000 250.000 353.000
156.000 274.000 228.000 365.000 193.000 281.000 260.000 367.000
158.000 277.000 225.000 361.000 193.000 283.000 260.000 366.000
159.000 278.000 224.000 359.000 194.000 282.000 257.000 359.000
159.000 279.000 223.000 357.000 194.000 282.000 262.000 368.000
157.000 275.000 227.000 362.000 193.000 282.000 261.000 366.000
158.000 275.000 227.000 361.000 194.000 282.000 263.000 367.000
157.000 276.000 226.000 362.000 192.000 281.000 258.000 362.000
158.000 279.000 223.000 358.000 193.000 282.000 260.000 365.000
156.000 279.000 218.000 357.000 193.000 281.000 261.000 363.000
158.000 276.000 227.000 361.000 194.000 283.000 261.000 364.000
158.000 277.000 222.000 357.000 193.000 283.000 256.000 361.000
157.000 276.000 225.000 360.000 193.000 282.000 260.000 365.000
157.000 275.000 225.000 361.000 195.000 282.000 257.000 359.000
157.000 275.000 229.000 365.000 193.000 281.000 259.000 366.000
157.000 276.000 225.000 362.000 193.000 283.000 258.000 365.000
159.000 278.000 224.000 360.000 194.000 282.000 262.000 365.000
159.000 275.000 227.000 359.000 194.000 282.000 262.000 366.000
157.000 276.000 226.000 363.000 195.000 283.000 260.000 363.000
157.000 277.000 223.000 361.000 193.000 282.000 263.000 367.000
158.000 276.000 224.000 360.000 193.000 282.000 258.000 360.000
158.000 278.000 223.000 361.000 194.000 283.000 257.000 362.000
155.000 275.000 225.000 364.000 191.000 280.000 258.000 363.000
157.000 276.000 225.000 359.000 191.000 280.000 257.000 363.000
154.000 276.000 223.000 364.000 188.000 279.000 259.000 367.000
155.000 276.000 225.000 366.000 192.000 280.000 259.000 365.000
155.000 274.000 225.000 364.000 194.000 284.000 257.000 363.000
156.000 277.000 223.000 361.000 194.000 282.000 259.000 359.000
156.000 274.000 226.000 363.000 189.000 278.000 258.000 363.000
157.000 278.000 223.000 359.000 193.000 281.000 259.000 362.000
158.000 279.000 221.000 357.000 192.000 282.000 258.000 365.000
156.000 274.000 227.000 363.000 190.000 279.000 257.000 362.000
157.000 277.000 224.000 362.000 194.000 281.000 263.000 365.000
154.000 274.000 225.000 365.000 192.000 281.000 258.000 364.000
157.000 278.000 223.000 360.000 194.000 282.000 262.000 366.000
156.000 274.000 226.000 363.000 193.000 281.000 262.000 365.000
155.000 274.000 225.000 362.000 191.000 280.000 258.000 362.000
156.000 276.000 224.000 364.000 190.000 279.000 258.000 364.000
157.000 278.000 222.000 359.000 192.000 281.000 261.000 368.000
157.000 276.000 223.000 360.000 190.000 278.000 258.000 361.000
155.000 277.000 224.000 364.000 194.000 284.000 256.000 361.000
155.000 277.000 224.000 362.000 186.000 277.000 258.000 366.000
154.000 276.000 222.000 362.000 194.000 283.000 259.000 361.000
154.000 276.000 224.000 365.000 187.000 276.000 258.000 365.000
156.000 279.000 222.000 361.000 194.000 282.000 261.000 364.000
156.000 280.000 218.000 355.000 193.000 283.000 258.000 361.000
156.000 279.000 221.000 360.000 194.000 284.000 260.000 363.000
155.000 277.000 222.000 363.000 194.000 284.000 258.000 361.000
154.000 278.000 218.000 359.000 184.000 277.000 257.000 368.000
157.000 280.000 221.000 360.000 193.000 282.000 260.000 364.000
156.000 279.000 220.000 362.000 194.000 283.000 258.000 361.000
155.000 277.000 224.000 361.000 193.000 282.000 263.000 365.000
155.000 277.000 224.000 364.000 194.000 285.000 260.000 363.000
156.000 276.000 225.000 364.000 191.000 281.000 258.000 362.000
156.000 278.000 220.000 360.000 192.000 281.000 260.000 366.000
155.000 277.000 221.000 362.000 193.000 283.000 259.000 363.000
156.000 278.000 224.000 363.000 193.000 283.000 259.000 362.000
155.000 274.000 226.000 364.000 190.000 280.000 259.000 366.000
159.000 280.000 221.000 360.000 193.000 283.000 257.000 363.000
155.000 275.000 224.000 363.000 195.000 283.000 259.000 361.000
157.000 279.000 223.000 362.000 194.000 282.000 262.000 366.000
155.000 275.000 225.000 364.000 194.000 283.000 260.000 362.000
155.000 274.000 226.000 363.000 193.000 283.000 257.000 361.000
154.000 277.000 224.000 365.000 194.000 281.000 261.000 366.000
157.000 276.000 225.000 364.000 193.000 281.000 262.000 367.000
156.000 275.000 224.000 361.000 193.000 283.000 258.000 363.000
154.000 276.000 224.000 365.000 194.000 283.000 259.000 365.000
157.000 278.000 224.000 363.000 194.000 283.000 260.000 363.000
157.000 276.000 226.000 363.000 193.000 283.000 260.000 365.000
156.000 277.000 224.000 362.000 195.000 281.000 263.000 364.000
157.000 276.000 227.000 364.000 192.000 281.000 261.000 366.000
156.000 275.000 225.000 362.000 194.000 282.000 263.000 364.000
156.000 276.000 224.000 363.000 193.000 282.000 259.000 365.000
156.000 277.000 225.000 362.000 194.000 283.000 259.000 363.000
157.000 280.000 219.000 356.000 194.000 283.000 258.000 360.000
156.000 279.000 222.000 363.000 192.000 280.000 260.000 364.000
155.000 275.000 224.000 364.000 194.000 283.000 259.000 361.000
155.000 278.000 222.000 364.000 194.000 282.000 259.000 360.000
158.000 281.000 221.000 360.000 194.000 280.000 262.000 362.000
157.000 280.000 219.000 356.000 194.000 282.000 260.000 363.000
158.000 280.000 222.000 360.000 194.000 282.000 259.000 361.000
160.000 282.000 221.000 356.000 194.000 283.000 258.000 360.000
155.000 278.000 219.000 360.000 192.000 281.000 263.000 366.000
155.000 277.000 222.000 365.000 194.000 283.000 259.000 361.000
155.000 279.000 218.000 359.000 189.000 278.000 258.000 365.000
154.000 278.000 220.000 361.000 191.000 280.000 260.000 366.000
158.000 278.000 223.000 362.000 191.000 280.000 259.000 364.000
156.000 279.000 220.000 361.000 193.000 282.000 256.000 359.000
155.000 275.000 224.000 365.000 191.000 281.000 259.000 366.000
154.000 274.000 224.000 363.000 193.000 281.000 259.000 361.000
157.000 276.000 224.000 362.000 193.000 283.000 258.000 361.000
155.000 277.000 220.000 361.000 193.000 282.000 259.000 361.000
156.000 273.000 228.000 365.000 194.000 282.000 258.000 359.000
157.000 277.000 220.000 356.000 194.000 283.000 257.000 359.000
156.000 278.000 220.000 356.000 193.000 283.000 257.000 359.000
157.000 276.000 223.000 358.000 194.000 283.000 260.000 362.000
157.000 279.000 219.000 356.000 193.000 283.000 256.000 359.000
156.000 275.000 225.000 361.000 194.000 282.000 258.000 359.000
157.000 275.000 226.000 363.000 193.000 284.000 255.000 361.000
158.000 278.000 223.000 360.000 194.000 282.000 261.000 364.000
156.000 272.000 229.000 364.000 193.000 282.000 258.000 361.000
156.000 276.000 224.000 363.000 192.000 282.000 255.000 358.000
156.000 276.000 225.000 364.000 193.000 283.000 257.000 360.000
157.000 278.000 224.000 363.000 192.000 281.000 257.000 361.000
156.000 274.000 226.000 361.000 193.000 283.000 256.000 359.000
156.000 273.000 226.000 364.000 193.000 281.000 262.000 366.000
156.000 275.000 224.000 361.000 193.000 281.000 262.000 365.000
156.000 276.000 222.000 362.000 194.000 283.000 256.000 360.000
157.000 277.000 223.000 361.000 194.000 283.000 257.000 361.000
156.000 277.000 219.000 360.000 194.000 281.000 261.000 360.000
156.000 277.000 224.000 364.000 194.000 283.000 257.000 359.000
155.000 271.000 230.000 366.000 194.000 283.000 257.000 360.000
156.000 276.000 225.000 360.000 194.000 282.000 262.000 363.000
156.000 274.000 228.000 363.000 194.000 280.000 260.000 360.000
156.000 275.000 226.000 362.000 194.000 283.000 259.000 363.000
154.000 274.000 226.000 367.000 193.000 282.000 256.000 360.000
155.000 277.000 224.000 366.000 193.000 283.000 259.000 366.000
157.000 273.000 228.000 362.000 194.000 284.000 255.000 358.000
157.000 276.000 224.000 360.000 192.000 280.000 260.000 367.000
157.000 274.000 227.000 362.000 194.000 283.000 258.000 360.000
157.000 272.000 229.000 362.000 193.000 282.000 261.000 366.000
157.000 276.000 226.000 363.000 193.000 283.000 257.000 361.000
