165.000 282.000 222.000 353.000 199.000 284.000 263.000 358.000
163.000 282.000 224.000 358.000 200.000 285.000 262.000 358.000
163.000 279.000 226.000 360.000 200.000 285.000 261.000 358.000
161.000 281.000 222.000 358.000 200.000 285.000 262.000 359.000
162.000 281.000 223.000 356.000 201.000 287.000 261.000 357.000
164.000 280.000 227.000 360.000 201.000 284.000 264.000 359.000
160.000 279.000 226.000 361.000 199.000 282.000 265.000 362.000
162.000 279.000 225.000 359.000 200.000 284.000 265.000 359.000
165.000 283.000 225.000 358.000 198.000 283.000 265.000 362.000
162.000 281.000 223.000 356.000 199.000 283.000 266.000 363.000
163.000 279.000 227.000 360.000 200.000 283.000 264.000 361.000
162.000 277.000 229.000 360.000 200.000 284.000 264.000 362.000
164.000 279.000 226.000 359.000 199.000 283.000 262.000 361.000
164.000 280.000 225.000 360.000 199.000 280.000 269.000 362.000
161.000 276.000 231.000 365.000 200.000 284.000 264.000 362.000
162.000 281.000 223.000 357.000 200.000 284.000 263.000 361.000
162.000 280.000 224.000 357.000 200.000 285.000 264.000 360.000
161.000 279.000 225.000 361.000 199.000 283.000 263.000 361.000
161.000 278.000 228.000 360.000 200.000 284.000 263.000 361.000
163.000 281.000 223.000 356.000 199.000 285.000 261.000 360.000
162.000 279.000 225.000 359.000 199.000 286.000 261.000 360.000
163.000 283.000 224.000 359.000 199.000 283.000 263.000 359.000
162.000 280.000 224.000 361.000 199.000 284.000 262.000 360.000
162.000 280.000 224.000 360.000 199.000 285.000 262.000 361.000
162.000 283.000 223.000 359.000 199.000 285.000 260.000 358.000
163.000 280.000 224.000 355.000 199.000 282.000 268.000 365.000
161.000 278.000 225.000 361.000 200.000 285.000 263.000 361.000
161.000 279.000 228.000 361.000 199.000 284.000 263.000 360.000
161.000 278.000 230.000 362.000 199.000 282.000 265.000 360.000
164.000 284.000 221.000 356.000 199.000 284.000 264.000 361.000
160.000 279.000 224.000 358.000 199.000 283.000 262.000 360.000
163.000 282.000 223.000 357.000 199.000 283.000 266.000 364.000
164.000 283.000 225.000 359.000 200.000 283.000 264.000 358.000
160.000 276.000 231.000 368.000 199.000 284.000 266.000 366.000
162.000 282.000 225.000 361.000 200.000 284.000 264.000 362.000
161.000 279.000 225.000 360.000 198.000 282.000 266.000 362.000
161.000 278.000 225.000 359.000 199.000 283.000 265.000 364.000
161.000 277.000 228.000 361.000 198.000 280.000 267.000 365.000
161.000 280.000 223.000 359.000 200.000 285.000 262.000 359.000
161.000 278.000 225.000 360.000 198.000 281.000 266.000 363.000
160.000 278.000 223.000 361.000 198.000 283.000 264.000 361.000
161.000 278.000 230.000 361.000 198.000 284.000 261.000 360.000
163.000 281.000 224.000 361.000 200.000 283.000 266.000 361.000
160.000 278.000 228.000 364.000 199.000 283.000 262.000 358.000
162.000 281.000 225.000 360.000 198.000 283.000 262.000 361.000
161.000 280.000 223.000 359.000 200.000 284.000 262.000 359.000
163.000 282.000 225.000 360.000 199.000 282.000 263.000 360.000
163.000 281.000 225.000 361.000 198.000 282.000 265.000 361.000
162.000 281.000 226.000 361.000 199.000 283.000 265.000 362.000
163.000 280.000 225.000 361.000 199.000 284.000 262.000 360.000
162.000 281.000 223.000 360.000 200.000 283.000 263.000 359.000
162.000 281.000 224.000 361.000 200.000 285.000 263.000 361.000
163.000 282.000 223.000 358.000 200.000 284.000 263.000 361.000
160.000 278.000 225.000 361.000 200.000 284.000 264.000 362.000
162.000 282.000 224.000 360.000 199.000 285.000 260.000 358.000
164.000 282.000 225.000 360.000 200.000 284.000 263.000 361.000
161.000 282.000 223.000 361.000 199.000 282.000 267.000 362.000
162.000 277.000 229.000 362.000 199.000 284.000 261.000 360.000
160.000 278.000 228.000 367.000 200.000 284.000 263.000 359.000
158.000 278.000 224.000 364.000 199.000 286.000 262.000 360.000
163.000 278.000 229.000 359.000 200.000 285.000 263.000 359.000
162.000 280.000 223.000 359.000 199.000 283.000 264.000 360.000
163.000 279.000 226.000 360.000 200.000 282.000 263.000 359.000
165.000 283.000 226.000 358.000 199.000 283.000 264.000 360.000
163.000 280.000 224.000 357.000 200.000 284.000 265.000 361.000
161.000 280.000 224.000 358.000 200.000 283.000 266.000 361.000
162.000 280.000 225.000 359.000 200.000 285.000 261.000 359.000
162.000 279.000 229.000 362.000 200.000 282.000 266.000 362.000
161.000 281.000 223.000 359.000 200.000 280.000 269.000 363.000
163.000 283.000 221.000 359.000 200.000 285.000 264.000 362.000
163.000 280.000 225.000 357.000 200.000 285.000 261.000 358.000
162.000 280.000 224.000 359.000 199.000 282.000 268.000 364.000
161.000 280.000 223.000 357.000 198.000 283.000 263.000 362.000
159.000 280.000 224.000 363.000 200.000 284.000 265.000 362.000
162.000 283.000 222.000 361.000 199.000 284.000 265.000 363.000
161.000 280.000 222.000 357.000 200.000 282.000 264.000 361.000
164.000 283.000 226.000 361.000 200.000 283.000 264.000 360.000
164.000 281.000 226.000 362.000 199.000 284.000 260.000 359.000
160.000 278.000 228.000 366.000 199.000 285.000 262.000 361.000
163.000 283.000 224.000 358.000 200.000 285.000 263.000 360.000
160.000 278.000 229.000 366.000 199.000 282.000 267.000 365.000
164.000 282.000 225.000 362.000 200.000 285.000 263.000 360.000
162.000 280.000 225.000 361.000 198.000 285.000 262.000 362.000
161.000 279.000 224.000 358.000 199.000 281.000 269.000 364.000
161.000 279.000 225.000 360.000 198.000 282.000 265.000 362.000
161.000 278.000 226.000 360.000 200.000 283.000 266.000 361.000
162.000 280.000 224.000 360.000 199.000 283.000 264.000 359.000
163.000 281.000 225.000 359.000 198.000 284.000 264.000 362.000
162.000 280.000 225.000 361.000 199.000 281.000 267.000 364.000
163.000 282.000 225.000 360.000 199.000 283.000 264.000 360.000
164.000 283.000 224.000 357.000 200.000 282.000 266.000 362.000
161.000 279.000 225.000 359.000 200.000 283.000 266.000 362.000
162.000 278.000 228.000 360.000 198.000 282.000 268.000 365.000
162.000 281.000 223.000 357.000 199.000 281.000 268.000 363.000
162.000 280.000 225.000 361.000 200.000 282.000 266.000 361.000
161.000 281.000 222.000 360.000 199.000 285.000 262.000 360.000
163.000 282.000 223.000 357.000 199.000 281.000 270.000 365.000
162.000 278.000 227.000 359.000 200.000 285.000 261.000 359.000
163.000 279.000 229.000 361.000 200.000 282.000 268.000 363.000
162.000 280.000 227.000 360.000 200.000 284.000 265.000 362.000
162.000 281.000 223.000 358.000 199.000 281.000 266.000 362.000
163.000 280.000 225.000 359.000 200.000 285.000 262.000 359.000
162.000 281.000 224.000 359.000 199.000 283.000 266.000 362.000
164.000 284.000 226.000 360.000 200.000 285.000 265.000 363.000
164.000 282.000 225.000 357.000 200.000 285.000 264.000 362.000
163.000 281.000 224.000 358.000 200.000 285.000 262.000 359.000
162.000 281.000 225.000 359.000 200.000 283.000 265.000 362.000
162.000 280.000 224.000 360.000 200.000 282.000 270.000 365.000
161.000 282.000 224.000 362.000 200.000 282.000 266.000 361.000
162.000 277.000 230.000 363.000 200.000 283.000 265.000 361.000
158.000 277.000 226.000 366.000 199.000 282.000 269.000 365.000
160.000 279.000 224.000 361.000 199.000 286.000 259.000 359.000
160.000 279.000 230.000 366.000 198.000 282.000 263.000 361.000
161.000 277.000 226.000 361.000 199.000 281.000 265.000 361.000
162.000 280.000 224.000 360.000 199.000 283.000 263.000 360.000
160.000 278.000 224.000 360.000 198.000 284.000 260.000 361.000
162.000 282.000 223.000 359.000 197.000 285.000 261.000 360.000
161.000 280.000 222.000 357.000 198.000 286.000 259.000 360.000
162.000 279.000 226.000 359.000 197.000 284.000 261.000 360.000
160.000 275.000 231.000 366.000 196.000 282.000 264.000 363.000
160.000 280.000 223.000 358.000 197.000 280.000 265.000 363.000
159.000 277.000 228.000 365.000 197.000 283.000 264.000 362.000
161.000 276.000 229.000 362.000 196.000 285.000 258.000 360.000
161.000 282.000 222.000 358.000 195.000 284.000 258.000 360.000
159.000 278.000 224.000 361.000 196.000 284.000 260.000 360.000
158.000 277.000 226.000 363.000 195.000 284.000 258.000 359.000
160.000 281.000 222.000 360.000 197.000 281.000 265.000 363.000
160.000 279.000 226.000 364.000 197.000 284.000 261.000 359.000
160.000 278.000 226.000 361.000 197.000 285.000 258.000 359.000
160.000 281.000 222.000 358.000 197.000 285.000 259.000 360.000
161.000 282.000 223.000 358.000 198.000 285.000 259.000 359.000
160.000 279.000 222.000 360.000 196.000 280.000 265.000 365.000
162.000 279.000 224.000 358.000 197.000 284.000 261.000 359.000
162.000 282.000 222.000 358.000 197.000 283.000 262.000 363.000
157.000 275.000 228.000 366.000 198.000 284.000 264.000 361.000
160.000 278.000 229.000 363.000 198.000 282.000 264.000 363.000
160.000 280.000 223.000 360.000 198.000 282.000 263.000 361.000
161.000 280.000 223.000 362.000 197.000 284.000 260.000 360.000
161.000 278.000 226.000 360.000 198.000 283.000 261.000 359.000
162.000 282.000 225.000 360.000 197.000 284.000 260.000 359.000
161.000 278.000 229.000 364.000 197.000 283.000 262.000 362.000
160.000 278.000 228.000 363.000 197.000 286.000 260.000 360.000
161.000 282.000 222.000 359.000 198.000 285.000 259.000 358.000
161.000 280.000 223.000 359.000 197.000 286.000 256.000 358.000
160.000 281.000 222.000 358.000 197.000 284.000 261.000 360.000
159.000 280.000 223.000 360.000 197.000 283.000 264.000 362.000
161.000 279.000 227.000 361.000 197.000 285.000 262.000 361.000
161.000 282.000 221.000 359.000 197.000 287.000 259.000 361.000
160.000 282.000 221.000 360.000 196.000 285.000 260.000 363.000
162.000 284.000 221.000 356.000 197.000 283.000 263.000 361.000
159.000 277.000 226.000 363.000 197.000 283.000 262.000 362.000
160.000 280.000 223.000 359.000 196.000 284.000 258.000 361.000
160.000 279.000 223.000 359.000 197.000 286.000 258.000 357.000
158.000 280.000 220.000 360.000 196.000 285.000 258.000 360.000
160.000 282.000 221.000 358.000 196.000 286.000 260.000 363.000
159.000 280.000 222.000 360.000 197.000 286.000 260.000 361.000
160.000 280.000 223.000 358.000 197.000 286.000 260.000 362.000
159.000 282.000 221.000 358.000 195.000 285.000 261.000 364.000
160.000 281.000 222.000 361.000 196.000 284.000 260.000 361.000
161.000 282.000 220.000 356.000 197.000 287.000 259.000 360.000
163.000 285.000 223.000 359.000 196.000 285.000 261.000 363.000
162.000 283.000 223.000 360.000 197.000 283.000 264.000 362.000
160.000 280.000 224.000 360.000 198.000 283.000 264.000 362.000
161.000 280.000 224.000 359.000 197.000 286.000 259.000 360.000
160.000 280.000 222.000 361.000 197.000 284.000 263.000 363.000
160.000 276.000 229.000 365.000 197.000 285.000 260.000 359.000
160.000 278.000 224.000 359.000 198.000 284.000 263.000 362.000
160.000 280.000 224.000 363.000 197.000 285.000 260.000 360.000
160.000 280.000 224.000 362.000 197.000 285.000 260.000 361.000
160.000 277.000 228.000 364.000 195.000 285.000 260.000 365.000
160.000 279.000 225.000 362.000 198.000 284.000 261.000 359.000
160.000 279.000 224.000 360.000 197.000 282.000 265.000 364.000
161.000 280.000 224.000 360.000 196.000 285.000 258.000 363.000
159.000 277.000 227.000 362.000 197.000 285.000 260.000 361.000
159.000 276.000 227.000 363.000 197.000 285.000 261.000 361.000
160.000 281.000 223.000 358.000 197.000 285.000 261.000 361.000
159.000 278.000 225.000 363.000 197.000 286.000 259.000 362.000
160.000 280.000 223.000 361.000 198.000 284.000 262.000 360.000
159.000 279.000 224.000 362.000 198.000 286.000 258.000 360.000
160.000 280.000 224.000 363.000 198.000 284.000 263.000 363.000
160.000 279.000 223.000 363.000 197.000 285.000 261.000 360.000
163.000 283.000 223.000 358.000 198.000 285.000 263.000 361.000
161.000 282.000 223.000 361.000 196.000 284.000 262.000 365.000
159.000 278.000 224.000 361.000 197.000 282.000 267.000 364.000
160.000 281.000 221.000 361.000 197.000 284.000 261.000 360.000
162.000 284.000 222.000 358.000 198.000 285.000 262.000 361.000
159.000 278.000 225.000 365.000 197.000 286.000 259.000 359.000
162.000 280.000 223.000 360.000 196.000 285.000 261.000 362.000
159.000 280.000 223.000 361.000 196.000 284.000 262.000 363.000
163.000 283.000 222.000 359.000 196.000 285.000 260.000 362.000
161.000 280.000 224.000 359.000 198.000 285.000 259.000 360.000
160.000 280.000 226.000 363.000 199.000 287.000 256.000 358.000
160.000 279.000 223.000 363.000 197.000 284.000 261.000 362.000
160.000 278.000 227.000 366.000 197.000 286.000 258.000 361.000
161.000 279.000 225.000 360.000 197.000 285.000 261.000 364.000
160.000 277.000 227.000 361.000 197.000 286.000 260.000 362.000
161.000 279.000 225.000 360.000 197.000 285.000 262.000 361.000
161.000 281.000 222.000 360.000 198.000 286.000 261.000 363.000
162.000 279.000 225.000 362.000 199.000 283.000 264.000 361.000
162.000 278.000 229.000 363.000 198.000 286.000 260.000 361.000
162.000 283.000 222.000 358.000 198.000 284.000 263.000 362.000
161.000 278.000 229.000 366.000 199.000 284.000 265.000 361.000
161.000 278.000 229.000 365.000 200.000 284.000 263.000 361.000
164.000 283.000 225.000 359.000 199.000 284.000 262.000 360.000
162.000 280.000 227.000 362.000 200.000 285.000 264.000 363.000
162.000 280.000 226.000 359.000 199.000 285.000 262.000 360.000
161.000 279.000 224.000 363.000 200.000 285.000 265.000 364.000
161.000 280.000 230.000 366.000 198.000 286.000 260.000 361.000
163.000 282.000 224.000 358.000 199.000 285.000 263.000 362.000
161.000 280.000 224.000 363.000 199.000 282.000 266.000 363.000
162.000 281.000 224.000 362.000 198.000 285.000 261.000 362.000
160.000 279.000 224.000 365.000 198.000 285.000 262.000 361.000
161.000 280.000 223.000 359.000 199.000 285.000 262.000 360.000
162.000 280.000 224.000 359.000 198.000 285.000 261.000 360.000
160.000 278.000 224.000 360.000 197.000 287.000 259.000 362.000
161.000 280.000 223.000 356.000 198.000 283.000 263.000 362.000
160.000 280.000 223.000 358.000 197.000 285.000 260.000 360.000
160.000 282.000 221.000 362.000 197.000 287.000 257.000 361.000
160.000 279.000 225.000 360.000 197.000 287.000 260.000 361.000
160.000 279.000 224.000 360.000 197.000 286.000 257.000 361.000
160.000 280.000 223.000 359.000 197.000 287.000 256.000 359.000
160.000 279.000 224.000 360.000 197.000 286.000 259.000 359.000
161.000 281.000 222.000 358.000 196.000 284.000 261.000 362.000
161.000 282.000 222.000 358.000 197.000 286.000 261.000 364.000
163.000 284.000 223.000 358.000 197.000 285.000 261.000 360.000
160.000 280.000 224.000 360.000 197.000 285.000 260.000 361.000
161.000 280.000 223.000 360.000 198.000 287.000 260.000 361.000
160.000 279.000 226.000 360.000 197.000 286.000 255.000 361.000
160.000 279.000 224.000 359.000 196.000 286.000 258.000 364.000
160.000 278.000 224.000 360.000 198.000 287.000 254.000 361.000
160.000 281.000 221.000 363.000 196.000 285.000 260.000 364.000
160.000 279.000 224.000 359.000 198.000 285.000 262.000 361.000
160.000 280.000 224.000 361.000 196.000 286.000 258.000 363.000
161.000 281.000 224.000 360.000 199.000 287.000 259.000 362.000
160.000 281.000 221.000 356.000 195.000 284.000 262.000 367.000
160.000 280.000 222.000 362.000 197.000 284.000 260.000 360.000
160.000 280.000 225.000 360.000 196.000 287.000 257.000 362.000
161.000 282.000 222.000 360.000 197.000 285.000 260.000 362.000
160.000 279.000 222.000 359.000 197.000 287.000 257.000 360.000
160.000 280.000 224.000 359.000 197.000 286.000 259.000 360.000
159.000 279.000 224.000 359.000 196.000 287.000 256.000 361.000
160.000 281.000 223.000 359.000 197.000 287.000 260.000 360.000
162.000 280.000 225.000 360.000 196.000 286.000 261.000 365.000
160.000 280.000 223.000 359.000 196.000 287.000 260.000 363.000
159.000 281.000 221.000 362.000 196.000 285.000 260.000 362.000
160.000 280.000 223.000 360.000 197.000 287.000 259.000 361.000
156.000 279.000 219.000 359.000 196.000 287.000 259.000 361.000
159.000 279.000 224.000 360.000 196.000 287.000 258.000 362.000
161.000 283.000 223.000 362.000 196.000 286.000 260.000 363.000
155.000 279.000 219.000 358.000 196.000 287.000 258.000 362.000
161.000 282.000 221.000 356.000 196.000 287.000 258.000 362.000
162.000 281.000 225.000 360.000 196.000 287.000 258.000 362.000
161.000 282.000 222.000 361.000 197.000 287.000 258.000 361.000
160.000 283.000 220.000 358.000 197.000 287.000 258.000 361.000
159.000 281.000 221.000 359.000 198.000 286.000 258.000 360.000
162.000 280.000 224.000 358.000 196.000 285.000 261.000 364.000
161.000 282.000 220.000 358.000 198.000 285.000 259.000 360.000
161.000 283.000 222.000 360.000 197.000 284.000 260.000 361.000
160.000 280.000 222.000 358.000 196.000 286.000 256.000 360.000
161.000 282.000 221.000 357.000 197.000 286.000 258.000 360.000
160.000 281.000 222.000 359.000 196.000 287.000 257.000 360.000
161.000 283.000 222.000 360.000 197.000 286.000 260.000 363.000
161.000 282.000 222.000 358.000 197.000 287.000 259.000 361.000
159.000 279.000 223.000 360.000 196.000 282.000 262.000 364.000
160.000 280.000 223.000 359.000 196.000 285.000 260.000 362.000
160.000 280.000 222.000 358.000 197.000 287.000 258.000 360.000
158.000 282.000 221.000 361.000 196.000 287.000 259.000 362.000
160.000 280.000 222.000 356.000 196.000 287.000 258.000 361.000
159.000 281.000 221.000 360.000 197.000 287.000 258.000 362.000
160.000 281.000 224.000 363.000 196.000 287.000 257.000 360.000
161.000 284.000 222.000 361.000 197.000 287.000 258.000 360.000
159.000 279.000 222.000 362.000 196.000 287.000 257.000 362.000
160.000 281.000 222.000 360.000 196.000 287.000 257.000 360.000
161.000 283.000 222.000 361.000 197.000 287.000 258.000 361.000
160.000 279.000 226.000 362.000 197.000 288.000 258.000 362.000
161.000 283.000 223.000 361.000 196.000 288.000 257.000 360.000
160.000 281.000 223.000 359.000 197.000 285.000 259.000 362.000
159.000 280.000 222.000 361.000 195.000 287.000 255.000 361.000
161.000 283.000 220.000 356.000 196.000 286.000 258.000 361.000
161.000 283.000 223.000 361.000 196.000 286.000 259.000 362.000
160.000 283.000 219.000 356.000 195.000 284.000 260.000 365.000
161.000 281.000 225.000 361.000 197.000 288.000 258.000 361.000
160.000 282.000 221.000 358.000 195.000 286.000 261.000 366.000
161.000 283.000 224.000 363.000 196.000 287.000 259.000 364.000
160.000 284.000 220.000 356.000 195.000 286.000 261.000 366.000
162.000 284.000 223.000 361.000 196.000 287.000 259.000 362.000
160.000 283.000 224.000 363.000 196.000 287.000 257.000 361.000
160.000 283.000 224.000 364.000 197.000 287.000 259.000 362.000
159.000 282.000 220.000 361.000 197.000 287.000 258.000 361.000
159.000 281.000 222.000 361.000 199.000 288.000 259.000 362.000
161.000 284.000 220.000 355.000 197.000 285.000 261.000 362.000
160.000 283.000 220.000 356.000 196.000 286.000 260.000 366.000
161.000 284.000 220.000 356.000 196.000 286.000 261.000 365.000
160.000 282.000 222.000 362.000 195.000 286.000 260.000 365.000
163.000 284.000 224.000 361.000 196.000 285.000 261.000 363.000
160.000 284.000 222.000 361.000 196.000 288.000 258.000 360.000
160.000 280.000 223.000 359.000 197.000 287.000 260.000 363.000
160.000 283.000 221.000 356.000 197.000 287.000 258.000 362.000
160.000 280.000 223.000 360.000 197.000 286.000 260.000 363.000
161.000 282.000 222.000 358.000 197.000 286.000 258.000 361.000
