85.000 283.000 144.000 360.000 121.000 287.000 179.000 357.000
83.000 282.000 142.000 359.000 118.000 286.000 176.000 357.000
82.000 283.000 143.000 361.000 118.000 287.000 174.000 355.000
82.000 282.000 143.000 360.000 117.000 287.000 176.000 358.000
82.000 282.000 145.000 364.000 117.000 289.000 176.000 359.000
81.000 284.000 145.000 365.000 116.000 287.000 176.000 360.000
81.000 282.000 144.000 361.000 118.000 286.000 177.000 359.000
81.000 281.000 144.000 358.000 117.000 285.000 180.000 362.000
82.000 282.000 143.000 360.000 117.000 286.000 177.000 360.000
81.000 281.000 143.000 360.000 113.000 284.000 175.000 355.000
82.000 281.000 144.000 359.000 117.000 288.000 175.000 360.000
81.000 282.000 143.000 360.000 117.000 287.000 176.000 358.000
82.000 283.000 142.000 360.000 118.000 289.000 175.000 356.000
82.000 282.000 145.000 361.000 118.000 289.000 175.000 358.000
82.000 284.000 143.000 359.000 119.000 289.000 177.000 357.000
84.000 286.000 142.000 359.000 118.000 289.000 176.000 358.000
82.000 282.000 144.000 361.000 118.000 289.000 176.000 358.000
83.000 281.000 145.000 361.000 119.000 289.000 177.000 360.000
81.000 283.000 142.000 365.000 119.000 288.000 175.000 357.000
82.000 281.000 145.000 361.000 119.000 289.000 176.000 358.000
83.000 284.000 144.000 360.000 118.000 289.000 176.000 358.000
85.000 286.000 144.000 357.000 118.000 290.000 176.000 358.000
84.000 282.000 146.000 359.000 119.000 290.000 175.000 358.000
82.000 282.000 145.000 361.000 119.000 289.000 177.000 357.000
84.000 282.000 148.000 361.000 119.000 290.000 177.000 357.000
84.000 284.000 143.000 359.000 120.000 289.000 177.000 357.000
84.000 280.000 150.000 363.000 119.000 288.000 179.000 359.000
84.000 285.000 144.000 360.000 118.000 287.000 178.000 361.000
83.000 283.000 144.000 361.000 120.000 289.000 177.000 358.000
82.000 280.000 146.000 363.000 119.000 288.000 177.000 359.000
84.000 283.000 146.000 360.000 119.000 289.000 178.000 359.000
84.000 283.000 148.000 360.000 119.000 289.000 177.000 359.000
83.000 281.000 145.000 362.000 116.000 286.000 178.000 363.000
84.000 285.000 143.000 357.000 120.000 287.000 180.000 358.000
82.000 282.000 145.000 362.000 119.000 288.000 177.000 358.000
83.000 283.000 143.000 361.000 119.000 288.000 177.000 358.000
83.000 280.000 147.000 360.000 118.000 288.000 177.000 359.000
84.000 284.000 145.000 359.000 118.000 289.000 175.000 358.000
82.000 281.000 146.000 364.000 118.000 289.000 175.000 357.000
83.000 282.000 145.000 360.000 118.000 288.000 176.000 359.000
81.000 284.000 142.000 361.000 119.000 288.000 177.000 357.000
85.000 283.000 144.000 358.000 119.000 288.000 177.000 358.000
82.000 283.000 145.000 361.000 119.000 290.000 177.000 358.000
83.000 283.000 147.000 363.000 117.000 289.000 177.000 359.000
82.000 282.000 144.000 361.000 118.000 289.000 177.000 359.000
83.000 282.000 145.000 364.000 119.000 289.000 176.000 358.000
81.000 282.000 145.000 367.000 118.000 288.000 177.000 357.000
83.000 284.000 142.000 360.000 118.000 288.000 177.000 358.000
83.000 282.000 144.000 361.000 119.000 289.000 176.000 358.000
82.000 280.000 147.000 362.000 118.000 289.000 176.000 357.000
82.000 281.000 144.000 361.000 119.000 289.000 175.000 358.000
82.000 283.000 144.000 360.000 118.000 289.000 176.000 358.000
82.000 283.000 143.000 361.000 119.000 289.000 177.000 357.000
82.000 281.000 145.000 362.000 118.000 289.000 176.000 360.000
82.000 283.000 143.000 362.000 119.000 290.000 176.000 357.000
81.000 281.000 145.000 362.000 119.000 289.000 177.000 358.000
83.000 282.000 143.000 361.000 118.000 288.000 177.000 359.000
82.000 283.000 144.000 361.000 118.000 290.000 175.000 359.000
82.000 286.000 141.000 358.000 119.000 289.000 176.000 359.000
82.000 284.000 142.000 359.000 119.000 289.000 176.000 357.000
83.000 282.000 144.000 362.000 119.000 290.000 177.000 358.000
82.000 281.000 145.000 362.000 118.000 290.000 176.000 359.000
82.000 283.000 142.000 360.000 119.000 288.000 178.000 359.000
82.000 281.000 147.000 364.000 119.000 289.000 177.000 360.000
82.000 283.000 143.000 361.000 119.000 289.000 178.000 358.000
82.000 282.000 145.000 362.000 119.000 289.000 177.000 359.000
83.000 285.000 144.000 361.000 119.000 290.000 177.000 358.000
83.000 285.000 141.000 359.000 119.000 290.000 176.000 358.000
82.000 283.000 143.000 361.000 119.000 289.000 177.000 358.000
83.000 282.000 144.000 361.000 119.000 288.000 177.000 358.000
82.000 281.000 148.000 364.000 119.000 288.000 177.000 358.000
83.000 285.000 142.000 359.000 118.000 289.000 178.000 359.000
82.000 285.000 143.000 362.000 118.000 289.000 176.000 359.000
82.000 283.000 143.000 361.000 119.000 290.000 176.000 358.000
83.000 284.000 143.000 360.000 118.000 289.000 178.000 360.000
81.000 285.000 142.000 364.000 118.000 290.000 175.000 359.000
82.000 283.000 143.000 361.000 118.000 289.000 177.000 360.000
80.000 282.000 141.000 362.000 118.000 288.000 178.000 362.000
82.000 282.000 143.000 361.000 116.000 287.000 178.000 362.000
81.000 280.000 147.000 363.000 118.000 288.000 177.000 361.000
83.000 282.000 144.000 361.000 116.000 288.000 177.000 360.000
82.000 282.000 145.000 361.000 118.000 290.000 175.000 358.000
82.000 281.000 146.000 362.000 118.000 289.000 177.000 361.000
82.000 284.000 141.000 362.000 119.000 289.000 176.000 359.000
82.000 282.000 145.000 363.000 119.000 290.000 177.000 360.000
83.000 284.000 144.000 362.000 119.000 289.000 177.000 359.000
82.000 281.000 145.000 363.000 118.000 289.000 176.000 359.000
82.000 286.000 142.000 359.000 118.000 288.000 177.000 359.000
81.000 283.000 142.000 364.000 119.000 289.000 176.000 359.000
80.000 282.000 143.000 364.000 119.000 288.000 177.000 359.000
82.000 286.000 142.000 361.000 118.000 289.000 176.000 360.000
81.000 283.000 143.000 362.000 118.000 289.000 177.000 359.000
83.000 283.000 145.000 362.000 118.000 289.000 176.000 359.000
83.000 283.000 144.000 360.000 118.000 288.000 178.000 360.000
82.000 283.000 144.000 362.000 119.000 288.000 177.000 359.000
82.000 283.000 143.000 365.000 118.000 289.000 178.000 359.000
84.000 283.000 146.000 362.000 118.000 289.000 177.000 359.000
83.000 282.000 146.000 364.000 119.000 289.000 179.000 358.000
83.000 281.000 147.000 364.000 120.000 289.000 177.000 358.000
82.000 280.000 147.000 363.000 120.000 289.000 178.000 358.000
83.000 282.000 145.000 360.000 120.000 289.000 178.000 358.000
83.000 285.000 143.000 361.000 119.000 287.000 181.000 361.000
83.000 284.000 144.000 360.000 120.000 288.000 179.000 358.000
82.000 278.000 150.000 366.000 120.000 288.000 181.000 361.000
85.000 279.000 154.000 364.000 121.000 289.000 180.000 359.000
84.000 278.000 149.000 363.000 121.000 290.000 180.000 360.000
84.000 282.000 148.000 364.000 120.000 288.000 180.000 360.000
84.000 279.000 150.000 364.000 120.000 288.000 180.000 360.000
82.000 279.000 149.000 364.000 120.000 288.000 180.000 360.000
85.000 281.000 151.000 363.000 120.000 288.000 180.000 360.000
84.000 280.000 150.000 365.000 120.000 287.000 182.000 360.000
83.000 284.000 147.000 363.000 120.000 288.000 180.000 360.000
83.000 281.000 147.000 363.000 119.000 287.000 181.000 360.000
83.000 282.000 145.000 361.000 120.000 289.000 180.000 359.000
84.000 284.000 144.000 360.000 120.000 288.000 178.000 361.000
84.000 283.000 145.000 359.000 119.000 288.000 179.000 360.000
83.000 284.000 143.000 359.000 119.000 288.000 180.000 359.000
86.000 285.000 145.000 359.000 120.000 288.000 180.000 361.000
83.000 279.000 150.000 364.000 120.000 289.000 179.000 360.000
83.000 278.000 149.000 365.000 120.000 289.000 180.000 360.000
85.000 283.000 145.000 361.000 119.000 288.000 179.000 359.000
84.000 284.000 144.000 361.000 120.000 287.000 182.000 360.000
84.000 284.000 144.000 359.000 120.000 288.000 180.000 360.000
83.000 281.000 149.000 364.000 119.000 287.000 180.000 362.000
84.000 282.000 146.000 362.000 120.000 289.000 182.000 361.000
83.000 278.000 149.000 364.000 120.000 288.000 180.000 361.000
83.000 281.000 146.000 364.000 120.000 288.000 179.000 359.000
84.000 282.000 146.000 360.000 121.000 288.000 183.000 362.000
83.000 282.000 146.000 362.000 120.000 288.000 179.000 361.000
82.000 280.000 147.000 363.000 121.000 288.000 184.000 363.000
83.000 280.000 150.000 366.000 119.000 287.000 181.000 361.000
82.000 280.000 150.000 365.000 120.000 287.000 181.000 360.000
82.000 281.000 146.000 365.000 120.000 288.000 181.000 361.000
83.000 279.000 148.000 363.000 119.000 287.000 181.000 362.000
83.000 282.000 144.000 363.000 119.000 289.000 179.000 359.000
82.000 280.000 147.000 362.000 119.000 288.000 180.000 359.000
83.000 280.000 150.000 365.000 119.000 289.000 177.000 358.000
82.000 281.000 147.000 362.000 119.000 289.000 178.000 358.000
82.000 282.000 146.000 363.000 120.000 289.000 177.000 358.000
83.000 286.000 145.000 361.000 118.000 289.000 177.000 359.000
82.000 281.000 145.000 362.000 118.000 289.000 176.000 359.000
82.000 280.000 148.000 364.000 119.000 289.000 179.000 360.000
83.000 284.000 147.000 363.000 119.000 288.000 179.000 360.000
83.000 283.000 145.000 360.000 118.000 289.000 178.000 360.000
83.000 284.000 145.000 362.000 119.000 288.000 180.000 361.000
82.000 280.000 149.000 365.000 119.000 288.000 179.000 359.000
82.000 280.000 149.000 362.000 119.000 290.000 177.000 360.000
82.000 280.000 148.000 363.000 119.000 289.000 178.000 360.000
83.000 282.000 147.000 363.000 119.000 289.000 178.000 359.000
81.000 280.000 147.000 365.000 120.000 290.000 178.000 359.000
83.000 280.000 148.000 365.000 119.000 289.000 178.000 359.000
84.000 285.000 146.000 363.000 120.000 290.000 177.000 359.000
82.000 281.000 146.000 364.000 119.000 289.000 179.000 362.000
83.000 283.000 145.000 361.000 120.000 290.000 177.000 358.000
82.000 282.000 145.000 362.000 120.000 287.000 180.000 360.000
81.000 282.000 147.000 369.000 119.000 289.000 178.000 359.000
82.000 280.000 147.000 363.000 119.000 289.000 178.000 359.000
82.000 280.000 148.000 363.000 118.000 289.000 179.000 362.000
83.000 283.000 147.000 362.000 119.000 290.000 177.000 360.000
82.000 282.000 147.000 363.000 119.000 290.000 175.000 359.000
83.000 284.000 144.000 360.000 116.000 287.000 178.000 362.000
81.000 281.000 145.000 364.000 118.000 289.000 176.000 359.000
82.000 283.000 144.000 361.000 118.000 289.000 177.000 360.000
81.000 282.000 144.000 362.000 119.000 290.000 175.000 359.000
82.000 283.000 144.000 363.000 119.000 287.000 182.000 362.000
83.000 284.000 143.000 359.000 118.000 289.000 177.000 360.000
82.000 282.000 145.000 361.000 119.000 289.000 179.000 360.000
82.000 281.000 144.000 363.000 118.000 288.000 178.000 359.000
83.000 283.000 144.000 361.000 119.000 289.000 177.000 358.000
82.000 283.000 144.000 361.000 118.000 287.000 181.000 360.000
83.000 287.000 142.000 363.000 118.000 290.000 176.000 358.000
82.000 284.000 143.000 361.000 119.000 290.000 177.000 358.000
82.000 281.000 146.000 363.000 119.000 289.000 178.000 358.000
83.000 284.000 144.000 362.000 119.000 289.000 176.000 358.000
81.000 284.000 143.000 360.000 119.000 288.000 176.000 358.000
82.000 284.000 143.000 359.000 119.000 290.000 175.000 358.000
82.000 284.000 145.000 362.000 118.000 290.000 175.000 359.000
82.000 281.000 147.000 363.000 118.000 290.000 176.000 360.000
81.000 282.000 146.000 364.000 117.000 288.000 180.000 363.000
82.000 283.000 144.000 360.000 118.000 288.000 179.000 361.000
81.000 282.000 143.000 362.000 118.000 289.000 177.000 359.000
82.000 281.000 146.000 361.000 117.000 289.000 177.000 360.000
83.000 285.000 143.000 358.000 118.000 289.000 176.000 359.000
83.000 281.000 148.000 364.000 117.000 289.000 178.000 361.000
81.000 283.000 144.000 362.000 118.000 290.000 175.000 359.000
81.000 282.000 144.000 364.000 117.000 289.000 176.000 360.000
82.000 285.000 143.000 362.000 117.000 289.000 177.000 360.000
81.000 283.000 144.000 364.000 117.000 289.000 175.000 359.000
81.000 283.000 145.000 366.000 118.000 289.000 178.000 361.000
81.000 282.000 145.000 363.000 118.000 289.000 177.000 361.000
82.000 285.000 144.000 362.000 117.000 289.000 177.000 361.000
83.000 286.000 142.000 359.000 116.000 288.000 178.000 361.000
80.000 281.000 145.000 364.000 117.000 290.000 178.000 361.000
80.000 282.000 144.000 366.000 117.000 289.000 178.000 361.000
81.000 283.000 144.000 363.000 117.000 289.000 176.000 359.000
79.000 281.000 146.000 368.000 117.000 289.000 177.000 363.000
80.000 279.000 146.000 363.000 118.000 289.000 176.000 361.000
80.000 280.000 145.000 364.000 117.000 290.000 176.000 359.000
80.000 283.000 143.000 364.000 117.000 288.000 177.000 361.000
81.000 281.000 146.000 363.000 116.000 289.000 176.000 361.000
80.000 280.000 146.000 364.000 116.000 289.000 176.000 360.000
80.000 282.000 145.000 364.000 117.000 290.000 175.000 359.000
80.000 280.000 145.000 363.000 117.000 290.000 177.000 362.000
81.000 284.000 142.000 360.000 112.000 285.000 175.000 360.000
81.000 282.000 144.000 362.000 117.000 289.000 174.000 359.000
81.000 282.000 144.000 363.000 117.000 289.000 177.000 363.000
80.000 282.000 143.000 362.000 116.000 288.000 177.000 362.000
81.000 284.000 143.000 362.000 117.000 289.000 177.000 362.000
79.000 280.000 144.000 363.000 116.000 288.000 178.000 362.000
80.000 284.000 142.000 361.000 109.000 282.000 178.000 363.000
80.000 281.000 147.000 364.000 116.000 289.000 177.000 360.000
81.000 285.000 141.000 360.000 116.000 289.000 174.000 360.000
80.000 282.000 146.000 364.000 116.000 289.000 175.000 360.000
79.000 285.000 142.000 362.000 117.000 289.000 177.000 360.000
79.000 284.000 141.000 363.000 116.000 288.000 179.000 364.000
79.000 282.000 142.000 362.000 111.000 285.000 178.000 364.000
80.000 286.000 140.000 361.000 116.000 288.000 177.000 360.000
80.000 283.000 142.000 363.000 112.000 287.000 173.000 358.000
79.000 284.000 140.000 362.000 111.000 286.000 175.000 360.000
79.000 286.000 140.000 360.000 115.000 290.000 174.000 361.000
78.000 282.000 140.000 363.000 111.000 286.000 174.000 359.000
78.000 285.000 140.000 362.000 115.000 287.000 179.000 363.000
78.000 284.000 140.000 362.000 109.000 283.000 175.000 360.000
80.000 286.000 140.000 361.000 113.000 286.000 174.000 360.000
78.000 283.000 141.000 362.000 117.000 288.000 177.000 360.000
78.000 284.000 141.000 362.000 114.000 287.000 176.000 364.000
77.000 282.000 141.000 364.000 114.000 288.000 177.000 362.000
78.000 285.000 140.000 363.000 109.000 284.000 177.000 363.000
78.000 283.000 142.000 361.000 115.000 289.000 177.000 361.000
78.000 285.000 140.000 362.000 116.000 289.000 178.000 362.000
78.000 280.000 143.000 364.000 115.000 288.000 177.000 363.000
77.000 279.000 143.000 366.000 113.000 286.000 174.000 358.000
80.000 285.000 140.000 361.000 116.000 291.000 170.000 359.000
78.000 282.000 142.000 362.000 116.000 288.000 180.000 364.000
78.000 281.000 144.000 366.000 111.000 285.000 176.000 363.000
78.000 281.000 144.000 365.000 116.000 288.000 179.000 363.000
80.000 282.000 144.000 364.000 110.000 282.000 178.000 362.000
80.000 284.000 142.000 362.000 112.000 286.000 178.000 364.000
81.000 283.000 146.000 362.000 112.000 287.000 174.000 359.000
80.000 281.000 147.000 364.000 116.000 288.000 179.000 364.000
80.000 283.000 144.000 360.000 111.000 285.000 176.000 361.000
79.000 284.000 141.000 363.000 111.000 287.000 176.000 362.000
81.000 280.000 148.000 364.000 113.000 287.000 175.000 359.000
79.000 281.000 145.000 364.000 117.000 289.000 178.000 364.000
81.000 284.000 142.000 363.000 115.000 289.000 176.000 361.000
80.000 282.000 144.000 364.000 117.000 287.000 179.000 363.000
80.000 280.000 146.000 364.000 117.000 289.000 176.000 361.000
80.000 283.000 144.000 365.000 116.000 289.000 175.000 361.000
81.000 283.000 143.000 363.000 117.000 289.000 175.000 360.000
80.000 283.000 142.000 364.000 118.000 290.000 178.000 362.000
80.000 283.000 144.000 364.000 116.000 289.000 176.000 361.000
80.000 282.000 142.000 363.000 117.000 289.000 177.000 363.000
79.000 282.000 144.000 366.000 115.000 289.000 176.000 361.000
79.000 281.000 144.000 366.000 116.000 289.000 175.000 362.000
79.000 283.000 142.000 362.000 117.000 287.000 178.000 362.000
80.000 283.000 144.000 366.000 116.000 289.000 176.000 361.000
80.000 282.000 144.000 366.000 116.000 288.000 177.000 363.000
80.000 282.000 144.000 364.000 117.000 290.000 177.000 364.000
80.000 283.000 144.000 363.000 116.000 288.000 176.000 361.000
79.000 283.000 144.000 364.000 116.000 289.000 176.000 363.000
81.000 284.000 142.000 360.000 116.000 290.000 176.000 361.000
80.000 284.000 142.000 361.000 116.000 289.000 177.000 363.000
81.000 284.000 142.000 363.000 115.000 290.000 176.000 363.000
79.000 280.000 145.000 364.000 116.000 288.000 178.000 363.000
79.000 279.000 146.000 365.000 115.000 289.000 175.000 360.000
80.000 281.000 146.000 364.000 116.000 289.000 178.000 363.000
79.000 281.000 144.000 366.000 116.000 289.000 175.000 360.000
81.000 281.000 146.000 364.000 117.000 288.000 178.000 363.000
80.000 283.000 144.000 365.000 116.000 289.000 176.000 361.000
81.000 283.000 144.000 365.000 116.000 289.000 176.000 361.000
81.000 280.000 146.000 364.000 117.000 290.000 177.000 362.000
81.000 282.000 146.000 363.000 116.000 288.000 178.000 363.000
81.000 280.000 147.000 365.000 118.000 289.000 177.000 361.000
81.000 282.000 145.000 364.000 116.000 288.000 175.000 361.000
80.000 281.000 145.000 364.000 116.000 289.000 177.000 362.000
80.000 280.000 145.000 366.000 114.000 286.000 178.000 362.000
82.000 282.000 147.000 364.000 116.000 287.000 178.000 363.000
81.000 280.000 146.000 364.000 117.000 288.000 178.000 362.000
80.000 280.000 146.000 363.000 116.000 289.000 176.000 362.000
80.000 282.000 145.000 365.000 116.000 290.000 175.000 361.000
79.000 281.000 144.000 365.000 116.000 287.000 180.000 361.000
79.000 282.000 144.000 363.000 116.000 288.000 178.000 361.000
79.000 282.000 143.000 364.000 114.000 288.000 175.000 360.000
80.000 284.000 143.000 363.000 116.000 289.000 176.000 363.000
79.000 283.000 142.000 363.000 116.000 288.000 180.000 364.000
79.000 281.000 144.000 362.000 111.000 285.000 177.000 363.000
79.000 284.000 141.000 363.000 117.000 289.000 179.000 363.000
78.000 282.000 143.000 364.000 111.000 287.000 175.000 362.000
79.000 283.000 144.000 362.000 115.000 288.000 178.000 364.000
79.000 282.000 143.000 363.000 116.000 287.000 178.000 361.000
79.000 283.000 142.000 362.000 115.000 287.000 178.000 364.000
79.000 283.000 144.000 364.000 112.000 285.000 176.000 362.000
79.000 282.000 144.000 365.000 111.000 286.000 176.000 363.000
79.000 282.000 144.000 364.000 107.000 286.000 175.000 369.000
78.000 282.000 143.000 365.000 115.000 288.000 179.000 364.000
79.000 282.000 143.000 362.000 115.000 289.000 175.000 361.000
80.000 284.000 143.000 365.000 112.000 287.000 175.000 361.000
79.000 282.000 144.000 364.000 117.000 288.000 179.000 363.000
80.000 286.000 142.000 362.000 114.000 289.000 176.000 363.000
79.000 283.000 142.000 361.000 116.000 288.000 176.000 360.000
