21.000 285.000 85.000 364.000 57.000 291.000 115.000 361.000
21.000 284.000 84.000 368.000 57.000 292.000 116.000 362.000
17.000 282.000 85.000 365.000 58.000 291.000 116.000 362.000
23.000 286.000 86.000 370.000 58.000 291.000 119.000 364.000
23.000 286.000 86.000 370.000 58.000 291.000 119.000 364.000
24.000 286.000 84.000 360.000 58.000 290.000 120.000 364.000
33.000 292.000 86.000 362.000 58.000 292.000 119.000 365.000
22.000 285.000 85.000 367.000 59.000 291.000 119.000 362.000
27.000 294.000 72.000 349.000 58.000 291.000 120.000 365.000
24.000 285.000 86.000 367.000 59.000 292.000 120.000 365.000
21.000 287.000 84.000 370.000 58.000 292.000 117.000 361.000
23.000 283.000 86.000 366.000 58.000 290.000 122.000 366.000
26.000 291.000 79.000 363.000 60.000 292.000 120.000 363.000
25.000 287.000 85.000 366.000 60.000 292.000 120.000 363.000
25.000 285.000 88.000 368.000 60.000 292.000 120.000 364.000
22.000 287.000 84.000 368.000 60.000 292.000 118.000 362.000
24.000 288.000 80.000 362.000 59.000 291.000 120.000 365.000
23.000 285.000 89.000 369.000 59.000 291.000 121.000 365.000
25.000 291.000 80.000 364.000 60.000 291.000 121.000 366.000
24.000 287.000 83.000 363.000 59.000 291.000 118.000 363.000
27.000 285.000 89.000 366.000 60.000 291.000 120.000 363.000
28.000 285.000 89.000 365.000 60.000 291.000 121.000 364.000
22.000 291.000 79.000 367.000 58.000 291.000 121.000 365.000
26.000 288.000 84.000 363.000 60.000 292.000 119.000 364.000
24.000 285.000 87.000 364.000 57.000 290.000 120.000 366.000
28.000 285.000 87.000 362.000 59.000 291.000 118.000 362.000
24.000 289.000 83.000 365.000 59.000 293.000 119.000 364.000
24.000 288.000 84.000 365.000 58.000 291.000 119.000 365.000
23.000 286.000 84.000 367.000 58.000 291.000 119.000 364.000
22.000 287.000 82.000 368.000 59.000 290.000 119.000 364.000
21.000 288.000 82.000 368.000 58.000 290.000 118.000 361.000
19.000 283.000 84.000 369.000 58.000 292.000 114.000 360.000
22.000 285.000 85.000 370.000 58.000 292.000 117.000 362.000
20.000 284.000 81.000 362.000 58.000 293.000 114.000 358.000
17.000 282.000 85.000 362.000 58.000 292.000 119.000 364.000
22.000 288.000 83.000 369.000 57.000 292.000 115.000 362.000
21.000 283.000 85.000 366.000 58.000 293.000 114.000 360.000
22.000 286.000 85.000 370.000 58.000 292.000 115.000 360.000
20.000 284.000 84.000 370.000 58.000 293.000 114.000 360.000
18.000 284.000 81.000 362.000 57.000 291.000 116.000 361.000
21.000 286.000 82.000 367.000 57.000 292.000 114.000 360.000
22.000 288.000 82.000 367.000 57.000 291.000 118.000 363.000
21.000 287.000 83.000 366.000 57.000 292.000 114.000 360.000
24.000 290.000 81.000 365.000 58.000 293.000 115.000 361.000
24.000 289.000 84.000 368.000 58.000 292.000 117.000 362.000
17.000 281.000 86.000 365.000 58.000 291.000 118.000 363.000
22.000 285.000 85.000 370.000 58.000 291.000 119.000 364.000
29.000 288.000 84.000 362.000 58.000 291.000 120.000 364.000
23.000 285.000 88.000 370.000 56.000 290.000 118.000 365.000
22.000 286.000 83.000 367.000 59.000 291.000 120.000 364.000
22.000 288.000 81.000 369.000 59.000 292.000 119.000 364.000
21.000 285.000 86.000 370.000 59.000 292.000 119.000 365.000
24.000 286.000 86.000 366.000 59.000 291.000 120.000 363.000
23.000 287.000 81.000 364.000 59.000 291.000 120.000 363.000
26.000 287.000 84.000 362.000 60.000 292.000 119.000 363.000
25.000 290.000 81.000 363.000 60.000 292.000 120.000 363.000
24.000 287.000 81.000 362.000 60.000 292.000 120.000 364.000
24.000 283.000 89.000 370.000 61.000 292.000 120.000 362.000
25.000 285.000 87.000 365.000 60.000 293.000 117.000 363.000
25.000 290.000 85.000 364.000 59.000 291.000 119.000 363.000
26.000 289.000 83.000 362.000 61.000 292.000 120.000 362.000
24.000 287.000 84.000 364.000 59.000 291.000 121.000 365.000
25.000 287.000 90.000 371.000 59.000 292.000 117.000 362.000
25.000 287.000 84.000 362.000 61.000 293.000 119.000 362.000
23.000 290.000 77.000 361.000 60.000 292.000 120.000 363.000
26.000 289.000 85.000 362.000 59.000 291.000 119.000 365.000
24.000 287.000 83.000 362.000 60.000 293.000 118.000 362.000
23.000 287.000 81.000 362.000 60.000 292.000 120.000 364.000
25.000 288.000 79.000 357.000 60.000 291.000 120.000 363.000
24.000 286.000 84.000 364.000 60.000 292.000 120.000 363.000
25.000 283.000 89.000 367.000 60.000 291.000 121.000 363.000
26.000 283.000 90.000 368.000 59.000 292.000 118.000 363.000
25.000 288.000 83.000 363.000 60.000 291.000 121.000 365.000
22.000 287.000 82.000 363.000 58.000 291.000 121.000 366.000
23.000 284.000 89.000 369.000 60.000 293.000 118.000 362.000
23.000 287.000 81.000 363.000 59.000 292.000 120.000 365.000
23.000 284.000 89.000 370.000 60.000 291.000 120.000 363.000
23.000 283.000 88.000 369.000 60.000 292.000 121.000 366.000
26.000 286.000 85.000 364.000 60.000 291.000 119.000 363.000
27.000 285.000 88.000 365.000 61.000 293.000 119.000 362.000
24.000 286.000 86.000 369.000 59.000 293.000 117.000 362.000
26.000 290.000 82.000 362.000 61.000 293.000 120.000 362.000
19.000 286.000 83.000 373.000 59.000 291.000 120.000 364.000
26.000 287.000 86.000 363.000 61.000 293.000 119.000 362.000
25.000 288.000 84.000 364.000 60.000 292.000 121.000 365.000
24.000 291.000 81.000 365.000 60.000 292.000 120.000 365.000
25.000 286.000 86.000 366.000 60.000 293.000 119.000 362.000
24.000 287.000 86.000 368.000 60.000 293.000 116.000 361.000
26.000 287.000 84.000 359.000 58.000 292.000 120.000 364.000
25.000 290.000 82.000 362.000 61.000 292.000 119.000 362.000
29.000 286.000 89.000 364.000 60.000 294.000 118.000 362.000
30.000 287.000 89.000 366.000 58.000 291.000 118.000 364.000
24.000 287.000 87.000 369.000 61.000 293.000 117.000 361.000
30.000 288.000 88.000 366.000 60.000 290.000 121.000 363.000
26.000 291.000 79.000 361.000 61.000 293.000 120.000 363.000
26.000 292.000 79.000 364.000 58.000 290.000 120.000 364.000
27.000 288.000 89.000 366.000 61.000 293.000 120.000 362.000
28.000 289.000 88.000 363.000 59.000 290.000 122.000 366.000
24.000 282.000 89.000 371.000 60.000 292.000 120.000 363.000
23.000 282.000 88.000 371.000 60.000 291.000 120.000 362.000
25.000 282.000 91.000 369.000 61.000 292.000 120.000 364.000
25.000 284.000 92.000 373.000 61.000 293.000 120.000 363.000
25.000 283.000 92.000 370.000 61.000 291.000 120.000 363.000
27.000 287.000 89.000 367.000 60.000 292.000 117.000 360.000
23.000 283.000 89.000 371.000 61.000 292.000 120.000 364.000
25.000 283.000 90.000 369.000 60.000 292.000 118.000 362.000
26.000 283.000 90.000 369.000 59.000 290.000 122.000 366.000
23.000 282.000 90.000 371.000 61.000 293.000 120.000 364.000
26.000 290.000 86.000 366.000 62.000 294.000 122.000 366.000
26.000 284.000 90.000 369.000 62.000 293.000 121.000 363.000
26.000 285.000 89.000 367.000 62.000 292.000 119.000 361.000
25.000 283.000 91.000 371.000 61.000 293.000 119.000 362.000
25.000 283.000 90.000 370.000 60.000 292.000 121.000 363.000
26.000 287.000 88.000 365.000 60.000 292.000 120.000 363.000
25.000 285.000 89.000 367.000 62.000 292.000 122.000 364.000
26.000 286.000 90.000 369.000 61.000 293.000 119.000 363.000
27.000 289.000 86.000 367.000 62.000 293.000 117.000 361.000
27.000 287.000 87.000 364.000 62.000 292.000 121.000 362.000
27.000 285.000 89.000 365.000 61.000 290.000 121.000 362.000
25.000 282.000 91.000 368.000 61.000 291.000 123.000 365.000
27.000 286.000 89.000 369.000 62.000 292.000 122.000 366.000
26.000 283.000 91.000 372.000 63.000 293.000 121.000 363.000
29.000 289.000 88.000 362.000 63.000 294.000 122.000 364.000
27.000 287.000 91.000 368.000 62.000 292.000 121.000 363.000
27.000 288.000 87.000 364.000 61.000 293.000 121.000 363.000
25.000 283.000 91.000 370.000 62.000 292.000 121.000 363.000
27.000 287.000 84.000 362.000 63.000 292.000 120.000 361.000
26.000 287.000 89.000 368.000 62.000 293.000 123.000 365.000
27.000 289.000 86.000 365.000 61.000 292.000 121.000 364.000
27.000 290.000 85.000 363.000 62.000 292.000 120.000 362.000
31.000 288.000 89.000 365.000 63.000 292.000 119.000 360.000
27.000 285.000 92.000 374.000 62.000 293.000 118.000 360.000
29.000 288.000 88.000 366.000 62.000 295.000 115.000 361.000
28.000 289.000 87.000 365.000 62.000 292.000 121.000 364.000
33.000 289.000 90.000 364.000 61.000 292.000 121.000 364.000
27.000 285.000 91.000 367.000 63.000 294.000 118.000 360.000
26.000 284.000 90.000 369.000 62.000 292.000 123.000 364.000
27.000 286.000 89.000 364.000 63.000 293.000 120.000 361.000
29.000 287.000 89.000 367.000 63.000 293.000 120.000 361.000
27.000 285.000 90.000 368.000 63.000 292.000 123.000 364.000
28.000 287.000 87.000 361.000 63.000 293.000 121.000 363.000
34.000 291.000 90.000 366.000 63.000 293.000 121.000 364.000
28.000 288.000 89.000 365.000 62.000 294.000 121.000 363.000
35.000 292.000 89.000 366.000 63.000 293.000 123.000 364.000
28.000 286.000 90.000 367.000 62.000 292.000 122.000 365.000
28.000 287.000 90.000 369.000 64.000 293.000 121.000 362.000
29.000 285.000 93.000 369.000 65.000 294.000 123.000 362.000
31.000 289.000 90.000 364.000 63.000 293.000 121.000 362.000
31.000 289.000 90.000 367.000 66.000 294.000 122.000 360.000
29.000 287.000 90.000 369.000 66.000 293.000 124.000 361.000
29.000 288.000 88.000 363.000 64.000 293.000 123.000 364.000
29.000 286.000 91.000 366.000 63.000 292.000 123.000 366.000
30.000 290.000 89.000 364.000 65.000 293.000 125.000 364.000
31.000 288.000 89.000 366.000 65.000 294.000 123.000 365.000
29.000 289.000 89.000 364.000 65.000 293.000 125.000 364.000
28.000 285.000 91.000 365.000 64.000 294.000 121.000 361.000
29.000 285.000 92.000 367.000 68.000 304.000 107.000 355.000
26.000 286.000 90.000 373.000 65.000 293.000 125.000 363.000
30.000 288.000 89.000 366.000 64.000 294.000 121.000 362.000
27.000 284.000 90.000 367.000 65.000 294.000 124.000 364.000
30.000 289.000 87.000 363.000 64.000 293.000 123.000 363.000
32.000 288.000 93.000 366.000 65.000 294.000 123.000 362.000
33.000 290.000 90.000 363.000 65.000 293.000 126.000 365.000
31.000 288.000 90.000 365.000 64.000 292.000 124.000 368.000
32.000 289.000 91.000 363.000 67.000 293.000 126.000 366.000
31.000 288.000 92.000 364.000 66.000 292.000 128.000 366.000
33.000 287.000 94.000 366.000 66.000 293.000 126.000 364.000
31.000 289.000 92.000 369.000 65.000 292.000 127.000 367.000
32.000 288.000 94.000 369.000 65.000 293.000 125.000 364.000
31.000 286.000 92.000 368.000 66.000 293.000 126.000 364.000
32.000 289.000 93.000 369.000 65.000 292.000 126.000 364.000
30.000 289.000 91.000 368.000 66.000 293.000 124.000 363.000
33.000 294.000 84.000 362.000 67.000 293.000 127.000 367.000
32.000 292.000 85.000 362.000 64.000 291.000 125.000 366.000
33.000 294.000 83.000 362.000 67.000 293.000 127.000 366.000
32.000 288.000 93.000 367.000 65.000 293.000 124.000 366.000
32.000 289.000 91.000 365.000 67.000 293.000 126.000 365.000
31.000 290.000 91.000 366.000 66.000 292.000 125.000 364.000
32.000 288.000 93.000 370.000 65.000 292.000 124.000 364.000
31.000 285.000 95.000 371.000 65.000 291.000 127.000 365.000
33.000 290.000 94.000 366.000 66.000 293.000 126.000 365.000
33.000 289.000 95.000 369.000 67.000 292.000 128.000 366.000
37.000 291.000 93.000 365.000 68.000 292.000 128.000 365.000
33.000 285.000 97.000 370.000 67.000 294.000 128.000 366.000
32.000 285.000 98.000 370.000 68.000 293.000 128.000 365.000
36.000 288.000 93.000 362.000 68.000 293.000 128.000 365.000
35.000 287.000 94.000 366.000 69.000 294.000 127.000 364.000
32.000 286.000 95.000 368.000 69.000 293.000 128.000 367.000
32.000 288.000 92.000 366.000 69.000 293.000 129.000 366.000
34.000 287.000 96.000 366.000 67.000 292.000 128.000 368.000
35.000 292.000 91.000 363.000 69.000 295.000 125.000 363.000
34.000 291.000 93.000 367.000 69.000 295.000 127.000 361.000
36.000 289.000 93.000 361.000 69.000 293.000 126.000 363.000
34.000 288.000 98.000 368.000 69.000 293.000 129.000 366.000
35.000 296.000 89.000 363.000 70.000 293.000 128.000 362.000
36.000 288.000 95.000 364.000 68.000 294.000 125.000 363.000
33.000 288.000 92.000 365.000 69.000 293.000 129.000 365.000
34.000 287.000 95.000 365.000 68.000 295.000 125.000 363.000
34.000 287.000 94.000 367.000 67.000 293.000 129.000 368.000
35.000 287.000 95.000 367.000 69.000 294.000 127.000 363.000
35.000 288.000 97.000 367.000 67.000 292.000 128.000 367.000
36.000 290.000 92.000 362.000 70.000 294.000 125.000 363.000
37.000 296.000 87.000 362.000 70.000 295.000 124.000 363.000
34.000 289.000 96.000 367.000 69.000 293.000 129.000 366.000
37.000 297.000 87.000 362.000 68.000 292.000 130.000 367.000
34.000 287.000 98.000 369.000 68.000 293.000 128.000 367.000
34.000 287.000 95.000 366.000 69.000 294.000 126.000 363.000
35.000 286.000 95.000 365.000 68.000 294.000 125.000 364.000
39.000 288.000 96.000 365.000 68.000 293.000 128.000 364.000
35.000 289.000 94.000 365.000 68.000 293.000 127.000 365.000
33.000 290.000 94.000 366.000 67.000 292.000 128.000 366.000
33.000 286.000 95.000 366.000 70.000 297.000 121.000 359.000
33.000 286.000 97.000 367.000 69.000 295.000 125.000 362.000
33.000 284.000 98.000 372.000 70.000 294.000 127.000 362.000
36.000 291.000 95.000 367.000 68.000 294.000 127.000 365.000
35.000 289.000 95.000 368.000 66.000 290.000 128.000 367.000
35.000 286.000 98.000 368.000 70.000 293.000 131.000 367.000
34.000 287.000 94.000 366.000 70.000 293.000 129.000 364.000
38.000 293.000 97.000 370.000 70.000 292.000 132.000 368.000
37.000 292.000 94.000 363.000 70.000 293.000 130.000 366.000
37.000 290.000 97.000 367.000 71.000 295.000 125.000 362.000
37.000 290.000 100.000 371.000 71.000 293.000 130.000 366.000
38.000 292.000 95.000 365.000 70.000 293.000 129.000 365.000
41.000 290.000 99.000 367.000 70.000 294.000 129.000 366.000
41.000 289.000 99.000 366.000 70.000 293.000 131.000 368.000
43.000 293.000 97.000 364.000 71.000 294.000 130.000 366.000
36.000 290.000 98.000 366.000 71.000 291.000 132.000 365.000
38.000 288.000 98.000 366.000 72.000 293.000 132.000 367.000
36.000 287.000 98.000 363.000 72.000 292.000 132.000 367.000
34.000 288.000 96.000 369.000 71.000 291.000 132.000 366.000
37.000 290.000 95.000 363.000 70.000 293.000 130.000 365.000
37.000 289.000 95.000 361.000 77.000 304.000 119.000 357.000
37.000 292.000 99.000 370.000 71.000 293.000 132.000 367.000
40.000 290.000 100.000 368.000 71.000 293.000 132.000 367.000
36.000 287.000 101.000 370.000 69.000 290.000 134.000 371.000
37.000 288.000 99.000 369.000 73.000 294.000 130.000 364.000
38.000 288.000 98.000 366.000 72.000 293.000 130.000 364.000
36.000 289.000 97.000 368.000 72.000 292.000 135.000 368.000
37.000 290.000 97.000 367.000 71.000 294.000 131.000 365.000
37.000 287.000 99.000 370.000 71.000 293.000 133.000 367.000
47.000 294.000 97.000 359.000 72.000 292.000 132.000 366.000
37.000 290.000 98.000 364.000 73.000 294.000 130.000 364.000
35.000 288.000 96.000 368.000 70.000 289.000 133.000 368.000
36.000 287.000 98.000 365.000 72.000 295.000 132.000 367.000
38.000 288.000 95.000 362.000 71.000 292.000 133.000 367.000
35.000 290.000 97.000 369.000 73.000 293.000 130.000 364.000
38.000 286.000 100.000 368.000 73.000 291.000 134.000 364.000
36.000 286.000 99.000 366.000 73.000 291.000 135.000 368.000
38.000 288.000 97.000 364.000 78.000 306.000 119.000 356.000
38.000 290.000 98.000 368.000 73.000 291.000 136.000 368.000
37.000 289.000 99.000 367.000 75.000 294.000 133.000 363.000
40.000 290.000 97.000 363.000 76.000 295.000 132.000 362.000
39.000 287.000 100.000 368.000 73.000 293.000 136.000 367.000
40.000 288.000 101.000 366.000 72.000 292.000 137.000 371.000
38.000 289.000 99.000 369.000 74.000 294.000 134.000 365.000
38.000 288.000 100.000 367.000 73.000 289.000 135.000 366.000
39.000 288.000 99.000 363.000 79.000 304.000 119.000 356.000
39.000 286.000 103.000 368.000 76.000 295.000 133.000 361.000
39.000 287.000 101.000 369.000 78.000 303.000 122.000 359.000
37.000 288.000 99.000 369.000 74.000 292.000 134.000 366.000
38.000 287.000 100.000 368.000 74.000 292.000 134.000 366.000
38.000 287.000 101.000 367.000 76.000 305.000 119.000 357.000
37.000 287.000 101.000 369.000 76.000 302.000 120.000 357.000
39.000 289.000 99.000 370.000 74.000 292.000 134.000 366.000
35.000 286.000 100.000 372.000 74.000 293.000 134.000 366.000
36.000 287.000 99.000 367.000 75.000 303.000 121.000 360.000
37.000 287.000 100.000 370.000 73.000 292.000 133.000 365.000
39.000 290.000 98.000 366.000 73.000 293.000 134.000 366.000
37.000 288.000 99.000 366.000 73.000 293.000 134.000 367.000
36.000 287.000 101.000 370.000 77.000 305.000 121.000 358.000
37.000 287.000 100.000 371.000 77.000 304.000 121.000 357.000
39.000 288.000 103.000 370.000 74.000 292.000 135.000 366.000
40.000 288.000 101.000 368.000 73.000 293.000 133.000 365.000
40.000 289.000 101.000 368.000 75.000 303.000 119.000 358.000
39.000 288.000 102.000 368.000 74.000 292.000 137.000 368.000
38.000 288.000 101.000 371.000 74.000 294.000 134.000 365.000
39.000 288.000 100.000 366.000 74.000 293.000 135.000 367.000
38.000 287.000 101.000 366.000 76.000 304.000 118.000 357.000
36.000 286.000 100.000 366.000 78.000 307.000 118.000 357.000
38.000 289.000 98.000 369.000 74.000 294.000 133.000 363.000
38.000 288.000 100.000 372.000 73.000 292.000 133.000 365.000
38.000 288.000 100.000 371.000 77.000 304.000 118.000 355.000
36.000 287.000 99.000 369.000 73.000 292.000 135.000 367.000
38.000 288.000 101.000 370.000 75.000 302.000 117.000 356.000
40.000 289.000 100.000 368.000 78.000 303.000 122.000 359.000
40.000 289.000 99.000 365.000 76.000 303.000 119.000 356.000
39.000 288.000 102.000 371.000 74.000 294.000 133.000 364.000
40.000 289.000 99.000 367.000 73.000 293.000 135.000 368.000
38.000 287.000 99.000 370.000 74.000 293.000 134.000 364.000
38.000 288.000 98.000 367.000 77.000 304.000 123.000 361.000
38.000 288.000 99.000 371.000 77.000 304.000 121.000 359.000
40.000 290.000 99.000 367.000 74.000 293.000 134.000 364.000
37.000 290.000 98.000 370.000 75.000 302.000 116.000 356.000
38.000 287.000 101.000 369.000 77.000 304.000 120.000 358.000
39.000 291.000 100.000 364.000 73.000 293.000 133.000 368.000
38.000 289.000 99.000 367.000 73.000 294.000 131.000 363.000
38.000 288.000 98.000 364.000 73.000 293.000 133.000 365.000
38.000 289.000 97.000 364.000 70.000 291.000 132.000 367.000
38.000 289.000 98.000 365.000 70.000 292.000 134.000 369.000
37.000 288.000 97.000 365.000 72.000 293.000 131.000 366.000
