120.000 286.000 178.000 359.000 150.000 291.000 209.000 361.000
119.000 286.000 180.000 362.000 152.000 292.000 208.000 360.000
119.000 285.000 180.000 362.000 154.000 292.000 210.000 361.000
118.000 286.000 178.000 363.000 154.000 293.000 209.000 360.000
119.000 289.000 176.000 361.000 153.000 294.000 204.000 358.000
118.000 287.000 176.000 359.000 153.000 294.000 205.000 358.000
118.000 285.000 181.000 364.000 154.000 293.000 209.000 359.000
120.000 287.000 177.000 360.000 152.000 293.000 206.000 358.000
119.000 287.000 179.000 363.000 154.000 291.000 211.000 361.000
119.000 284.000 182.000 365.000 153.000 292.000 211.000 360.000
120.000 288.000 175.000 359.000 154.000 293.000 211.000 362.000
118.000 283.000 185.000 367.000 154.000 294.000 209.000 360.000
121.000 290.000 175.000 357.000 152.000 293.000 206.000 359.000
119.000 287.000 178.000 363.000 153.000 294.000 205.000 358.000
119.000 288.000 175.000 362.000 153.000 294.000 210.000 361.000
121.000 291.000 177.000 361.000 152.000 291.000 209.000 360.000
122.000 291.000 177.000 359.000 155.000 294.000 209.000 359.000
122.000 289.000 178.000 359.000 154.000 294.000 207.000 359.000
122.000 290.000 176.000 358.000 155.000 294.000 209.000 361.000
122.000 289.000 176.000 359.000 154.000 293.000 210.000 360.000
122.000 291.000 176.000 360.000 154.000 292.000 211.000 362.000
120.000 288.000 176.000 360.000 154.000 293.000 208.000 358.000
122.000 296.000 171.000 357.000 154.000 294.000 207.000 358.000
121.000 290.000 176.000 360.000 152.000 294.000 206.000 360.000
119.000 284.000 182.000 365.000 153.000 293.000 209.000 359.000
119.000 286.000 179.000 363.000 153.000 295.000 205.000 358.000
119.000 287.000 177.000 361.000 154.000 292.000 212.000 362.000
118.000 286.000 179.000 365.000 154.000 292.000 211.000 360.000
118.000 284.000 181.000 366.000 152.000 293.000 206.000 359.000
119.000 289.000 175.000 359.000 154.000 291.000 211.000 360.000
119.000 288.000 177.000 362.000 154.000 293.000 208.000 360.000
118.000 283.000 183.000 366.000 152.000 293.000 207.000 359.000
121.000 288.000 177.000 359.000 153.000 295.000 207.000 358.000
118.000 283.000 183.000 367.000 153.000 291.000 212.000 361.000
118.000 283.000 184.000 366.000 153.000 294.000 209.000 360.000
119.000 285.000 181.000 365.000 157.000 300.000 199.000 352.000
119.000 287.000 176.000 362.000 154.000 291.000 211.000 361.000
119.000 285.000 183.000 363.000 157.000 302.000 195.000 349.000
119.000 289.000 176.000 362.000 158.000 303.000 193.000 348.000
118.000 283.000 184.000 365.000 151.000 293.000 207.000 359.000
118.000 289.000 175.000 362.000 153.000 291.000 213.000 363.000
118.000 286.000 178.000 363.000 155.000 293.000 210.000 361.000
119.000 286.000 180.000 363.000 152.000 293.000 206.000 360.000
120.000 286.000 179.000 360.000 154.000 292.000 209.000 361.000
119.000 285.000 179.000 362.000 153.000 294.000 206.000 358.000
119.000 287.000 178.000 364.000 153.000 293.000 210.000 361.000
120.000 287.000 178.000 358.000 154.000 292.000 210.000 360.000
121.000 289.000 176.000 360.000 154.000 294.000 210.000 360.000
121.000 291.000 171.000 356.000 154.000 292.000 211.000 362.000
122.000 291.000 176.000 358.000 155.000 294.000 208.000 358.000
120.000 286.000 176.000 360.000 155.000 293.000 210.000 361.000
121.000 285.000 181.000 362.000 155.000 292.000 209.000 359.000
120.000 287.000 177.000 360.000 154.000 294.000 209.000 359.000
122.000 290.000 176.000 358.000 154.000 294.000 207.000 358.000
122.000 291.000 176.000 358.000 155.000 295.000 208.000 360.000
122.000 291.000 176.000 358.000 155.000 294.000 208.000 357.000
119.000 286.000 180.000 363.000 154.000 293.000 206.000 358.000
123.000 293.000 172.000 358.000 154.000 294.000 209.000 361.000
122.000 288.000 178.000 358.000 155.000 295.000 208.000 359.000
122.000 289.000 178.000 358.000 155.000 292.000 211.000 360.000
121.000 289.000 176.000 358.000 154.000 293.000 211.000 361.000
120.000 287.000 179.000 360.000 152.000 294.000 206.000 359.000
121.000 289.000 176.000 358.000 154.000 293.000 209.000 359.000
118.000 287.000 177.000 361.000 158.000 303.000 195.000 349.000
121.000 290.000 175.000 358.000 154.000 293.000 209.000 360.000
119.000 287.000 179.000 361.000 152.000 292.000 208.000 360.000
118.000 284.000 181.000 365.000 153.000 294.000 206.000 359.000
119.000 284.000 182.000 363.000 153.000 293.000 207.000 361.000
120.000 289.000 176.000 358.000 157.000 302.000 194.000 350.000
120.000 287.000 179.000 361.000 151.000 293.000 207.000 359.000
120.000 287.000 179.000 362.000 154.000 293.000 209.000 360.000
122.000 291.000 175.000 357.000 154.000 293.000 211.000 361.000
119.000 287.000 177.000 362.000 154.000 294.000 209.000 361.000
121.000 290.000 178.000 361.000 154.000 294.000 208.000 361.000
122.000 290.000 176.000 358.000 154.000 295.000 207.000 359.000
121.000 287.000 180.000 360.000 154.000 293.000 210.000 360.000
120.000 289.000 176.000 360.000 158.000 302.000 197.000 351.000
122.000 289.000 178.000 359.000 155.000 295.000 207.000 358.000
122.000 295.000 170.000 357.000 154.000 295.000 208.000 360.000
120.000 289.000 175.000 357.000 153.000 294.000 210.000 360.000
120.000 290.000 175.000 359.000 155.000 294.000 210.000 361.000
121.000 290.000 176.000 358.000 154.000 294.000 208.000 359.000
120.000 289.000 176.000 361.000 154.000 293.000 211.000 360.000
118.000 286.000 178.000 364.000 153.000 293.000 206.000 359.000
120.000 286.000 180.000 362.000 154.000 295.000 208.000 360.000
120.000 286.000 181.000 362.000 153.000 293.000 211.000 361.000
122.000 289.000 178.000 359.000 153.000 293.000 208.000 360.000
121.000 290.000 176.000 360.000 154.000 296.000 207.000 361.000
120.000 288.000 176.000 360.000 154.000 295.000 207.000 360.000
120.000 289.000 176.000 359.000 154.000 295.000 208.000 360.000
121.000 289.000 176.000 360.000 154.000 294.000 208.000 360.000
120.000 288.000 176.000 361.000 153.000 294.000 208.000 360.000
119.000 288.000 176.000 360.000 153.000 294.000 207.000 359.000
120.000 288.000 175.000 360.000 154.000 292.000 213.000 363.000
120.000 289.000 176.000 358.000 153.000 294.000 208.000 359.000
118.000 285.000 180.000 365.000 151.000 292.000 207.000 359.000
121.000 288.000 176.000 358.000 156.000 303.000 197.000 352.000
120.000 289.000 176.000 362.000 152.000 293.000 205.000 357.000
120.000 290.000 176.000 361.000 154.000 293.000 209.000 359.000
119.000 288.000 177.000 361.000 153.000 294.000 208.000 359.000
119.000 287.000 177.000 362.000 153.000 294.000 211.000 362.000
121.000 288.000 176.000 359.000 154.000 292.000 212.000 361.000
118.000 286.000 181.000 365.000 158.000 303.000 197.000 351.000
119.000 286.000 178.000 362.000 154.000 292.000 212.000 361.000
120.000 291.000 173.000 357.000 154.000 294.000 207.000 359.000
122.000 289.000 178.000 358.000 155.000 302.000 195.000 351.000
121.000 289.000 176.000 358.000 154.000 294.000 207.000 358.000
123.000 291.000 176.000 355.000 154.000 293.000 210.000 360.000
120.000 288.000 177.000 359.000 150.000 292.000 208.000 361.000
120.000 286.000 179.000 363.000 154.000 293.000 210.000 360.000
120.000 289.000 175.000 358.000 153.000 294.000 209.000 361.000
119.000 287.000 179.000 362.000 151.000 292.000 208.000 360.000
121.000 287.000 178.000 359.000 151.000 292.000 208.000 360.000
122.000 290.000 175.000 359.000 154.000 292.000 212.000 361.000
120.000 289.000 174.000 359.000 158.000 302.000 197.000 349.000
121.000 287.000 180.000 360.000 154.000 294.000 206.000 358.000
119.000 288.000 177.000 360.000 154.000 295.000 209.000 361.000
119.000 286.000 178.000 363.000 151.000 291.000 208.000 358.000
121.000 290.000 176.000 358.000 154.000 294.000 209.000 361.000
122.000 289.000 178.000 359.000 154.000 294.000 207.000 359.000
121.000 290.000 176.000 360.000 155.000 293.000 210.000 360.000
121.000 289.000 175.000 357.000 152.000 291.000 209.000 361.000
122.000 290.000 177.000 359.000 154.000 294.000 209.000 359.000
123.000 289.000 178.000 358.000 154.000 294.000 210.000 363.000
121.000 287.000 181.000 363.000 156.000 294.000 211.000 361.000
121.000 287.000 181.000 362.000 155.000 294.000 209.000 360.000
122.000 290.000 176.000 359.000 155.000 295.000 210.000 361.000
122.000 288.000 178.000 358.000 156.000 295.000 208.000 358.000
120.000 289.000 177.000 360.000 155.000 294.000 209.000 359.000
122.000 290.000 177.000 359.000 155.000 294.000 209.000 361.000
122.000 287.000 181.000 362.000 154.000 295.000 207.000 359.000
121.000 289.000 177.000 360.000 155.000 294.000 208.000 359.000
122.000 289.000 175.000 356.000 156.000 294.000 211.000 360.000
121.000 287.000 179.000 361.000 155.000 294.000 209.000 359.000
123.000 292.000 174.000 355.000 155.000 293.000 213.000 363.000
122.000 289.000 177.000 359.000 155.000 295.000 208.000 360.000
122.000 288.000 180.000 360.000 155.000 295.000 207.000 359.000
122.000 292.000 175.000 356.000 155.000 293.000 210.000 359.000
123.000 289.000 180.000 360.000 155.000 294.000 212.000 362.000
120.000 285.000 181.000 364.000 154.000 293.000 211.000 361.000
121.000 288.000 179.000 361.000 155.000 294.000 212.000 362.000
120.000 286.000 180.000 362.000 155.000 295.000 209.000 359.000
120.000 287.000 181.000 363.000 156.000 293.000 210.000 359.000
122.000 290.000 179.000 363.000 156.000 293.000 211.000 360.000
122.000 286.000 181.000 363.000 156.000 295.000 210.000 359.000
125.000 291.000 179.000 356.000 156.000 294.000 210.000 359.000
122.000 288.000 180.000 363.000 157.000 295.000 212.000 360.000
122.000 287.000 182.000 366.000 157.000 294.000 212.000 361.000
121.000 285.000 182.000 364.000 156.000 295.000 212.000 361.000
122.000 286.000 183.000 364.000 156.000 294.000 211.000 361.000
124.000 289.000 181.000 361.000 156.000 294.000 211.000 360.000
122.000 287.000 182.000 362.000 156.000 294.000 212.000 361.000
122.000 288.000 181.000 360.000 157.000 295.000 211.000 360.000
124.000 292.000 176.000 359.000 156.000 295.000 210.000 359.000
122.000 289.000 178.000 360.000 157.000 295.000 211.000 360.000
121.000 286.000 182.000 364.000 156.000 295.000 210.000 362.000
123.000 288.000 181.000 363.000 157.000 294.000 211.000 359.000
123.000 289.000 181.000 360.000 157.000 294.000 212.000 360.000
140.000 298.000 178.000 349.000 157.000 295.000 211.000 359.000
124.000 289.000 180.000 359.000 157.000 293.000 213.000 360.000
124.000 287.000 180.000 359.000 157.000 294.000 212.000 361.000
124.000 289.000 179.000 358.000 158.000 294.000 214.000 361.000
123.000 287.000 182.000 361.000 157.000 292.000 216.000 362.000
125.000 291.000 179.000 357.000 157.000 294.000 213.000 361.000
124.000 290.000 181.000 360.000 157.000 293.000 215.000 363.000
124.000 290.000 179.000 357.000 157.000 294.000 212.000 359.000
124.000 286.000 182.000 360.000 156.000 294.000 211.000 362.000
123.000 289.000 180.000 361.000 158.000 294.000 211.000 359.000
122.000 288.000 181.000 364.000 156.000 293.000 214.000 362.000
125.000 289.000 180.000 360.000 158.000 295.000 213.000 359.000
124.000 287.000 182.000 359.000 158.000 293.000 216.000 361.000
124.000 290.000 179.000 360.000 157.000 295.000 210.000 361.000
123.000 287.000 182.000 361.000 158.000 295.000 211.000 359.000
124.000 288.000 182.000 360.000 157.000 295.000 211.000 360.000
126.000 290.000 181.000 359.000 158.000 294.000 213.000 363.000
123.000 287.000 185.000 362.000 158.000 294.000 212.000 359.000
125.000 290.000 179.000 359.000 158.000 294.000 214.000 363.000
124.000 285.000 187.000 364.000 158.000 294.000 214.000 363.000
127.000 290.000 181.000 359.000 158.000 294.000 215.000 362.000
125.000 288.000 182.000 359.000 159.000 294.000 215.000 361.000
122.000 288.000 180.000 361.000 159.000 294.000 213.000 361.000
126.000 287.000 185.000 361.000 158.000 294.000 214.000 361.000
126.000 290.000 178.000 357.000 158.000 293.000 213.000 360.000
125.000 290.000 180.000 359.000 159.000 295.000 213.000 360.000
125.000 288.000 183.000 360.000 160.000 295.000 213.000 360.000
128.000 290.000 182.000 359.000 160.000 295.000 215.000 363.000
127.000 290.000 183.000 358.000 159.000 292.000 217.000 364.000
126.000 289.000 183.000 362.000 159.000 295.000 214.000 362.000
124.000 289.000 180.000 361.000 159.000 294.000 215.000 361.000
127.000 289.000 183.000 360.000 159.000 294.000 215.000 361.000
126.000 289.000 182.000 358.000 163.000 302.000 204.000 353.000
127.000 290.000 181.000 357.000 158.000 295.000 214.000 361.000
126.000 288.000 183.000 359.000 160.000 295.000 214.000 361.000
128.000 291.000 182.000 360.000 160.000 295.000 216.000 362.000
128.000 292.000 181.000 358.000 163.000 302.000 202.000 351.000
127.000 287.000 185.000 360.000 159.000 292.000 219.000 366.000
126.000 288.000 183.000 361.000 159.000 295.000 216.000 362.000
127.000 287.000 185.000 361.000 159.000 295.000 216.000 365.000
124.000 288.000 182.000 363.000 161.000 294.000 217.000 361.000
128.000 291.000 183.000 359.000 160.000 294.000 217.000 365.000
127.000 287.000 188.000 362.000 160.000 294.000 217.000 363.000
127.000 288.000 186.000 361.000 165.000 301.000 205.000 351.000
126.000 290.000 183.000 360.000 163.000 301.000 204.000 353.000
128.000 292.000 181.000 359.000 163.000 302.000 204.000 352.000
128.000 290.000 182.000 359.000 160.000 295.000 216.000 363.000
127.000 289.000 185.000 361.000 164.000 303.000 201.000 350.000
127.000 288.000 186.000 362.000 165.000 302.000 205.000 352.000
128.000 292.000 181.000 358.000 164.000 303.000 203.000 351.000
129.000 291.000 182.000 358.000 165.000 302.000 205.000 352.000
125.000 287.000 187.000 364.000 162.000 298.000 208.000 355.000
128.000 290.000 182.000 359.000 165.000 301.000 206.000 353.000
126.000 289.000 184.000 362.000 164.000 301.000 207.000 354.000
127.000 290.000 182.000 361.000 164.000 302.000 207.000 354.000
128.000 288.000 183.000 359.000 159.000 295.000 213.000 359.000
128.000 292.000 182.000 358.000 163.000 299.000 206.000 353.000
126.000 288.000 182.000 360.000 160.000 295.000 213.000 359.000
126.000 287.000 186.000 363.000 159.000 294.000 217.000 363.000
125.000 289.000 181.000 361.000 163.000 302.000 202.000 351.000
128.000 292.000 181.000 359.000 161.000 294.000 215.000 360.000
127.000 291.000 181.000 359.000 159.000 295.000 213.000 361.000
127.000 288.000 187.000 361.000 159.000 295.000 213.000 360.000
128.000 291.000 181.000 356.000 159.000 294.000 216.000 362.000
127.000 289.000 184.000 359.000 163.000 301.000 205.000 352.000
127.000 289.000 183.000 358.000 160.000 296.000 212.000 360.000
125.000 287.000 185.000 364.000 165.000 302.000 204.000 351.000
127.000 291.000 181.000 357.000 159.000 294.000 215.000 364.000
128.000 291.000 182.000 359.000 160.000 295.000 213.000 360.000
127.000 291.000 180.000 358.000 159.000 295.000 215.000 363.000
127.000 291.000 180.000 359.000 159.000 296.000 214.000 362.000
127.000 290.000 181.000 359.000 160.000 294.000 215.000 361.000
127.000 291.000 182.000 359.000 159.000 295.000 213.000 360.000
127.000 291.000 181.000 359.000 159.000 295.000 214.000 360.000
125.000 288.000 182.000 362.000 159.000 295.000 213.000 360.000
126.000 288.000 183.000 359.000 159.000 295.000 213.000 359.000
127.000 291.000 181.000 359.000 159.000 295.000 213.000 359.000
126.000 289.000 182.000 360.000 159.000 294.000 214.000 362.000
125.000 287.000 185.000 362.000 159.000 295.000 211.000 359.000
126.000 288.000 182.000 358.000 160.000 295.000 215.000 360.000
125.000 289.000 182.000 359.000 159.000 294.000 214.000 361.000
125.000 287.000 185.000 361.000 160.000 294.000 216.000 362.000
125.000 288.000 184.000 361.000 158.000 294.000 213.000 359.000
125.000 287.000 186.000 362.000 159.000 294.000 215.000 362.000
124.000 287.000 183.000 362.000 158.000 295.000 215.000 363.000
125.000 288.000 185.000 361.000 159.000 296.000 213.000 360.000
124.000 290.000 181.000 362.000 160.000 293.000 215.000 360.000
122.000 288.000 181.000 363.000 157.000 295.000 215.000 365.000
123.000 289.000 182.000 365.000 159.000 295.000 213.000 361.000
129.000 291.000 182.000 358.000 159.000 296.000 212.000 360.000
123.000 289.000 181.000 363.000 159.000 295.000 214.000 361.000
125.000 291.000 180.000 359.000 159.000 294.000 216.000 363.000
124.000 288.000 182.000 363.000 158.000 294.000 215.000 363.000
127.000 289.000 182.000 360.000 160.000 297.000 212.000 361.000
123.000 291.000 180.000 362.000 159.000 295.000 213.000 360.000
124.000 289.000 185.000 363.000 159.000 296.000 212.000 360.000
123.000 290.000 180.000 362.000 160.000 296.000 214.000 362.000
124.000 290.000 182.000 364.000 159.000 295.000 214.000 362.000
127.000 290.000 183.000 358.000 160.000 296.000 214.000 361.000
124.000 288.000 184.000 363.000 159.000 295.000 214.000 360.000
122.000 289.000 181.000 364.000 159.000 294.000 217.000 364.000
125.000 288.000 185.000 364.000 160.000 295.000 215.000 364.000
126.000 291.000 184.000 365.000 159.000 294.000 215.000 362.000
126.000 290.000 181.000 361.000 159.000 295.000 213.000 361.000
124.000 290.000 181.000 363.000 158.000 295.000 214.000 365.000
124.000 290.000 181.000 362.000 159.000 295.000 212.000 359.000
125.000 290.000 181.000 361.000 159.000 297.000 212.000 360.000
125.000 291.000 180.000 361.000 157.000 295.000 214.000 364.000
125.000 289.000 184.000 363.000 159.000 295.000 213.000 360.000
124.000 288.000 184.000 366.000 157.000 295.000 216.000 367.000
122.000 289.000 184.000 367.000 158.000 295.000 213.000 362.000
121.000 290.000 180.000 362.000 158.000 295.000 214.000 364.000
125.000 289.000 182.000 361.000 158.000 296.000 212.000 361.000
123.000 290.000 183.000 367.000 158.000 294.000 214.000 362.000
124.000 288.000 183.000 362.000 158.000 296.000 213.000 363.000
124.000 290.000 183.000 364.000 158.000 295.000 214.000 363.000
122.000 288.000 182.000 364.000 158.000 294.000 215.000 362.000
126.000 291.000 181.000 358.000 157.000 294.000 215.000 366.000
126.000 291.000 182.000 363.000 159.000 296.000 213.000 360.000
122.000 289.000 182.000 366.000 160.000 296.000 214.000 361.000
124.000 289.000 182.000 361.000 159.000 297.000 211.000 358.000
124.000 288.000 184.000 366.000 159.000 295.000 214.000 362.000
125.000 290.000 182.000 361.000 159.000 298.000 208.000 359.000
122.000 290.000 179.000 361.000 159.000 295.000 213.000 360.000
124.000 289.000 183.000 363.000 157.000 293.000 216.000 364.000
123.000 288.000 183.000 364.000 158.000 295.000 213.000 362.000
125.000 290.000 182.000 360.000 158.000 298.000 208.000 360.000
124.000 289.000 182.000 363.000 159.000 294.000 213.000 362.000
126.000 290.000 183.000 361.000 158.000 294.000 216.000 365.000
126.000 289.000 184.000 361.000 159.000 296.000 214.000 361.000
124.000 288.000 184.000 363.000 159.000 296.000 214.000 363.000
125.000 289.000 184.000 363.000 158.000 295.000 215.000 363.000
125.000 287.000 185.000 364.000 158.000 295.000 213.000 361.000
126.000 292.000 179.000 359.000 160.000 296.000 213.000 362.000
127.000 292.000 180.000 359.000 159.000 296.000 215.000 363.000
130.000 292.000 183.000 357.000 159.000 295.000 214.000 362.000
126.000 290.000 182.000 360.000 160.000 297.000 213.000 362.000
127.000 292.000 181.000 358.000 159.000 296.000 214.000 362.000
126.000 294.000 179.000 360.000 160.000 296.000 214.000 363.000
126.000 291.000 184.000 363.000 159.000 297.000 214.000 363.000
126.000 292.000 182.000 359.000 160.000 296.000 215.000 363.000
127.000 292.000 181.000 359.000 160.000 296.000 213.000 361.000
