144.000 292.000 201.000 361.000 179.000 299.000 231.000 361.000
145.000 293.000 199.000 361.000 176.000 297.000 233.000 364.000
145.000 294.000 199.000 359.000 177.000 296.000 233.000 363.000
145.000 292.000 200.000 361.000 177.000 300.000 229.000 363.000
145.000 292.000 201.000 361.000 176.000 300.000 228.000 363.000
144.000 293.000 197.000 362.000 175.000 298.000 230.000 366.000
143.000 292.000 199.000 363.000 175.000 298.000 231.000 367.000
145.000 293.000 197.000 358.000 177.000 298.000 231.000 365.000
144.000 291.000 202.000 362.000 175.000 299.000 229.000 364.000
145.000 292.000 201.000 361.000 176.000 298.000 231.000 364.000
143.000 293.000 196.000 359.000 177.000 299.000 229.000 363.000
144.000 292.000 198.000 360.000 177.000 298.000 229.000 363.000
145.000 293.000 197.000 361.000 175.000 300.000 228.000 364.000
145.000 293.000 198.000 359.000 177.000 299.000 229.000 364.000
145.000 292.000 199.000 361.000 177.000 295.000 235.000 365.000
144.000 293.000 199.000 362.000 175.000 298.000 230.000 365.000
145.000 292.000 201.000 362.000 176.000 298.000 229.000 365.000
144.000 292.000 200.000 363.000 177.000 296.000 235.000 366.000
144.000 292.000 200.000 362.000 176.000 299.000 230.000 365.000
145.000 294.000 199.000 360.000 177.000 299.000 227.000 361.000
146.000 294.000 199.000 359.000 178.000 297.000 233.000 364.000
145.000 293.000 200.000 361.000 176.000 298.000 233.000 367.000
146.000 292.000 202.000 361.000 177.000 300.000 230.000 364.000
145.000 292.000 202.000 363.000 177.000 298.000 230.000 363.000
145.000 293.000 200.000 362.000 177.000 299.000 232.000 365.000
145.000 293.000 200.000 361.000 176.000 297.000 231.000 364.000
145.000 292.000 200.000 360.000 176.000 298.000 231.000 367.000
145.000 292.000 200.000 360.000 176.000 298.000 229.000 365.000
145.000 293.000 200.000 361.000 176.000 298.000 232.000 365.000
144.000 292.000 200.000 363.000 176.000 298.000 230.000 364.000
144.000 291.000 201.000 363.000 176.000 298.000 232.000 365.000
145.000 295.000 196.000 360.000 176.000 297.000 232.000 365.000
145.000 294.000 198.000 360.000 176.000 299.000 229.000 365.000
145.000 292.000 199.000 360.000 177.000 300.000 227.000 362.000
146.000 294.000 197.000 359.000 176.000 299.000 228.000 365.000
145.000 293.000 197.000 361.000 175.000 300.000 228.000 365.000
144.000 293.000 199.000 361.000 177.000 300.000 229.000 363.000
144.000 292.000 199.000 361.000 176.000 299.000 228.000 362.000
145.000 293.000 198.000 360.000 176.000 299.000 228.000 365.000
144.000 293.000 199.000 359.000 177.000 298.000 229.000 365.000
145.000 293.000 197.000 358.000 176.000 300.000 228.000 364.000
144.000 294.000 198.000 360.000 175.000 299.000 227.000 363.000
145.000 295.000 196.000 360.000 175.000 299.000 228.000 365.000
144.000 293.000 198.000 359.000 175.000 299.000 227.000 364.000
144.000 293.000 196.000 359.000 175.000 300.000 226.000 364.000
144.000 293.000 198.000 362.000 174.000 298.000 227.000 363.000
143.000 292.000 196.000 363.000 176.000 299.000 228.000 364.000
142.000 293.000 197.000 363.000 175.000 299.000 228.000 364.000
143.000 293.000 195.000 359.000 174.000 298.000 228.000 367.000
141.000 292.000 197.000 364.000 175.000 299.000 227.000 364.000
143.000 295.000 195.000 359.000 174.000 299.000 226.000 363.000
142.000 292.000 197.000 362.000 173.000 298.000 227.000 365.000
143.000 293.000 196.000 359.000 175.000 299.000 228.000 363.000
144.000 293.000 198.000 360.000 175.000 300.000 226.000 362.000
143.000 293.000 196.000 359.000 175.000 300.000 227.000 365.000
144.000 294.000 196.000 359.000 175.000 300.000 228.000 364.000
145.000 294.000 197.000 356.000 174.000 299.000 228.000 364.000
141.000 292.000 197.000 364.000 175.000 299.000 228.000 364.000
143.000 293.000 196.000 361.000 175.000 300.000 227.000 364.000
141.000 291.000 196.000 363.000 174.000 298.000 229.000 365.000
142.000 294.000 194.000 357.000 174.000 298.000 228.000 365.000
143.000 293.000 195.000 359.000 175.000 297.000 226.000 361.000
143.000 294.000 195.000 360.000 174.000 298.000 228.000 364.000
143.000 293.000 194.000 358.000 175.000 299.000 229.000 366.000
143.000 293.000 195.000 359.000 175.000 298.000 227.000 361.000
144.000 295.000 193.000 360.000 175.000 300.000 227.000 365.000
143.000 296.000 193.000 358.000 175.000 300.000 228.000 364.000
145.000 294.000 196.000 359.000 175.000 299.000 229.000 365.000
146.000 297.000 198.000 360.000 175.000 299.000 228.000 365.000
144.000 292.000 198.000 360.000 176.000 299.000 228.000 364.000
145.000 295.000 198.000 362.000 174.000 300.000 227.000 365.000
145.000 297.000 195.000 358.000 175.000 299.000 227.000 363.000
144.000 293.000 198.000 360.000 176.000 299.000 228.000 364.000
145.000 294.000 197.000 359.000 175.000 299.000 227.000 363.000
144.000 293.000 198.000 360.000 177.000 298.000 228.000 359.000
144.000 292.000 199.000 359.000 175.000 298.000 229.000 365.000
145.000 294.000 196.000 358.000 175.000 300.000 226.000 363.000
144.000 292.000 197.000 360.000 177.000 299.000 228.000 363.000
143.000 291.000 198.000 361.000 175.000 299.000 228.000 364.000
145.000 295.000 197.000 359.000 175.000 299.000 227.000 363.000
144.000 294.000 197.000 359.000 175.000 300.000 227.000 362.000
140.000 290.000 195.000 359.000 176.000 299.000 227.000 363.000
145.000 295.000 197.000 361.000 176.000 299.000 228.000 363.000
142.000 290.000 200.000 365.000 174.000 299.000 229.000 365.000
144.000 295.000 195.000 360.000 177.000 299.000 228.000 363.000
144.000 293.000 198.000 361.000 176.000 299.000 228.000 365.000
145.000 293.000 199.000 360.000 177.000 300.000 230.000 364.000
144.000 293.000 199.000 363.000 175.000 299.000 229.000 366.000
145.000 295.000 197.000 359.000 176.000 300.000 228.000 362.000
143.000 292.000 198.000 364.000 176.000 300.000 228.000 363.000
144.000 293.000 198.000 360.000 175.000 299.000 229.000 365.000
144.000 293.000 197.000 361.000 176.000 300.000 228.000 366.000
143.000 294.000 194.000 357.000 175.000 298.000 230.000 366.000
143.000 292.000 198.000 361.000 175.000 299.000 228.000 365.000
144.000 295.000 196.000 359.000 176.000 300.000 229.000 365.000
143.000 294.000 197.000 361.000 175.000 299.000 228.000 364.000
144.000 291.000 200.000 361.000 175.000 299.000 229.000 365.000
145.000 292.000 200.000 360.000 175.000 299.000 229.000 365.000
144.000 294.000 197.000 361.000 176.000 300.000 228.000 364.000
144.000 293.000 198.000 360.000 175.000 299.000 230.000 365.000
144.000 291.000 199.000 362.000 179.000 306.000 218.000 353.000
145.000 294.000 197.000 360.000 175.000 299.000 228.000 364.000
145.000 292.000 198.000 362.000 175.000 298.000 229.000 365.000
144.000 293.000 198.000 360.000 176.000 299.000 229.000 364.000
145.000 292.000 200.000 361.000 177.000 300.000 228.000 363.000
145.000 294.000 200.000 360.000 177.000 300.000 228.000 364.000
145.000 294.000 197.000 359.000 174.000 297.000 229.000 365.000
145.000 294.000 198.000 359.000 175.000 299.000 228.000 364.000
144.000 293.000 199.000 360.000 177.000 299.000 229.000 362.000
145.000 294.000 197.000 359.000 176.000 300.000 229.000 364.000
144.000 294.000 198.000 364.000 174.000 297.000 228.000 361.000
146.000 295.000 198.000 359.000 176.000 300.000 229.000 365.000
145.000 293.000 199.000 359.000 176.000 299.000 230.000 365.000
145.000 294.000 198.000 359.000 177.000 301.000 227.000 361.000
145.000 292.000 201.000 362.000 177.000 300.000 228.000 363.000
145.000 295.000 197.000 360.000 176.000 300.000 228.000 364.000
145.000 293.000 199.000 360.000 177.000 300.000 228.000 363.000
145.000 293.000 200.000 359.000 175.000 298.000 228.000 363.000
145.000 294.000 198.000 360.000 175.000 298.000 229.000 366.000
145.000 294.000 198.000 359.000 176.000 299.000 228.000 365.000
145.000 301.000 182.000 346.000 175.000 299.000 228.000 364.000
145.000 294.000 196.000 358.000 175.000 299.000 227.000 363.000
145.000 292.000 199.000 360.000 175.000 298.000 228.000 363.000
144.000 294.000 198.000 358.000 176.000 299.000 228.000 364.000
145.000 293.000 198.000 358.000 175.000 298.000 229.000 364.000
146.000 298.000 193.000 356.000 176.000 299.000 228.000 363.000
144.000 293.000 197.000 359.000 176.000 299.000 229.000 364.000
145.000 294.000 197.000 359.000 175.000 300.000 226.000 361.000
144.000 294.000 196.000 359.000 177.000 300.000 227.000 363.000
143.000 291.000 199.000 360.000 175.000 299.000 227.000 363.000
144.000 292.000 199.000 360.000 177.000 301.000 225.000 358.000
143.000 293.000 196.000 359.000 175.000 299.000 227.000 363.000
144.000 292.000 199.000 360.000 175.000 298.000 227.000 363.000
144.000 291.000 200.000 361.000 173.000 298.000 226.000 364.000
144.000 294.000 195.000 359.000 176.000 300.000 228.000 364.000
144.000 293.000 197.000 359.000 175.000 299.000 228.000 366.000
144.000 292.000 199.000 360.000 176.000 300.000 228.000 365.000
144.000 295.000 195.000 358.000 175.000 299.000 229.000 364.000
144.000 292.000 198.000 361.000 177.000 301.000 229.000 365.000
142.000 294.000 193.000 359.000 175.000 299.000 229.000 367.000
144.000 293.000 198.000 360.000 175.000 300.000 228.000 366.000
143.000 294.000 196.000 360.000 174.000 300.000 227.000 365.000
143.000 295.000 196.000 362.000 174.000 300.000 227.000 366.000
143.000 294.000 196.000 360.000 173.000 297.000 227.000 362.000
143.000 297.000 193.000 358.000 174.000 299.000 227.000 365.000
142.000 294.000 195.000 362.000 173.000 299.000 227.000 366.000
144.000 296.000 194.000 358.000 174.000 299.000 227.000 364.000
142.000 293.000 196.000 362.000 173.000 299.000 226.000 364.000
143.000 294.000 197.000 359.000 174.000 299.000 226.000 364.000
142.000 292.000 197.000 362.000 172.000 298.000 226.000 364.000
143.000 294.000 196.000 362.000 174.000 298.000 229.000 367.000
143.000 295.000 194.000 358.000 173.000 298.000 227.000 364.000
142.000 294.000 194.000 360.000 174.000 299.000 227.000 365.000
141.000 293.000 195.000 362.000 173.000 299.000 225.000 363.000
143.000 294.000 195.000 361.000 173.000 299.000 226.000 365.000
142.000 293.000 196.000 361.000 173.000 300.000 225.000 362.000
139.000 295.000 195.000 366.000 174.000 300.000 228.000 367.000
141.000 293.000 196.000 362.000 176.000 301.000 226.000 360.000
142.000 293.000 196.000 363.000 173.000 300.000 226.000 364.000
141.000 295.000 194.000 361.000 173.000 301.000 225.000 364.000
140.000 292.000 194.000 362.000 174.000 300.000 226.000 364.000
143.000 294.000 197.000 360.000 174.000 299.000 227.000 365.000
142.000 295.000 194.000 361.000 174.000 301.000 225.000 364.000
143.000 293.000 196.000 361.000 173.000 299.000 227.000 365.000
143.000 296.000 194.000 360.000 172.000 299.000 227.000 366.000
143.000 293.000 198.000 360.000 175.000 299.000 227.000 365.000
142.000 294.000 196.000 361.000 174.000 298.000 229.000 365.000
142.000 295.000 196.000 362.000 174.000 299.000 227.000 366.000
145.000 298.000 195.000 361.000 175.000 300.000 228.000 365.000
143.000 293.000 199.000 363.000 175.000 300.000 228.000 366.000
144.000 294.000 196.000 360.000 174.000 299.000 228.000 366.000
142.000 295.000 194.000 360.000 175.000 300.000 227.000 365.000
142.000 296.000 196.000 362.000 175.000 300.000 227.000 365.000
143.000 293.000 199.000 362.000 174.000 300.000 228.000 366.000
143.000 294.000 196.000 360.000 175.000 301.000 227.000 365.000
144.000 297.000 195.000 358.000 174.000 301.000 228.000 367.000
143.000 296.000 196.000 360.000 174.000 300.000 227.000 366.000
142.000 294.000 196.000 361.000 175.000 301.000 227.000 365.000
144.000 295.000 196.000 359.000 175.000 300.000 228.000 365.000
143.000 295.000 195.000 360.000 174.000 300.000 226.000 365.000
143.000 294.000 195.000 360.000 175.000 299.000 229.000 365.000
144.000 295.000 196.000 358.000 174.000 300.000 227.000 365.000
145.000 295.000 197.000 360.000 175.000 299.000 228.000 365.000
143.000 295.000 196.000 361.000 174.000 300.000 228.000 366.000
143.000 294.000 197.000 363.000 175.000 301.000 227.000 364.000
144.000 297.000 195.000 360.000 176.000 301.000 228.000 365.000
143.000 292.000 199.000 361.000 175.000 301.000 228.000 366.000
145.000 293.000 198.000 360.000 175.000 301.000 226.000 364.000
143.000 293.000 198.000 361.000 174.000 300.000 227.000 365.000
145.000 295.000 197.000 360.000 176.000 301.000 228.000 365.000
145.000 295.000 198.000 361.000 176.000 302.000 226.000 363.000
145.000 293.000 199.000 361.000 175.000 300.000 229.000 365.000
145.000 294.000 197.000 361.000 175.000 300.000 228.000 366.000
145.000 294.000 197.000 358.000 176.000 300.000 229.000 365.000
144.000 295.000 196.000 361.000 176.000 300.000 229.000 365.000
143.000 292.000 197.000 361.000 177.000 300.000 229.000 363.000
144.000 296.000 196.000 360.000 175.000 301.000 227.000 364.000
142.000 295.000 195.000 361.000 174.000 300.000 228.000 365.000
143.000 296.000 194.000 360.000 173.000 300.000 227.000 367.000
143.000 297.000 195.000 361.000 174.000 300.000 227.000 366.000
142.000 296.000 194.000 361.000 173.000 300.000 226.000 365.000
142.000 294.000 196.000 362.000 172.000 300.000 228.000 367.000
142.000 294.000 195.000 361.000 174.000 300.000 228.000 365.000
143.000 295.000 196.000 360.000 173.000 299.000 227.000 367.000
142.000 296.000 194.000 360.000 173.000 300.000 226.000 366.000
142.000 294.000 195.000 361.000 173.000 300.000 226.000 366.000
142.000 294.000 195.000 361.000 173.000 299.000 226.000 365.000
142.000 293.000 196.000 362.000 172.000 299.000 226.000 364.000
142.000 294.000 195.000 358.000 176.000 302.000 223.000 360.000
143.000 293.000 197.000 361.000 172.000 299.000 226.000 367.000
141.000 295.000 196.000 364.000 173.000 300.000 227.000 366.000
142.000 297.000 195.000 361.000 172.000 300.000 227.000 368.000
142.000 295.000 198.000 365.000 174.000 302.000 225.000 364.000
144.000 295.000 194.000 359.000 173.000 301.000 226.000 366.000
144.000 294.000 196.000 360.000 174.000 301.000 227.000 366.000
142.000 294.000 196.000 362.000 175.000 302.000 225.000 362.000
143.000 295.000 196.000 360.000 174.000 300.000 228.000 365.000
142.000 295.000 195.000 361.000 172.000 297.000 228.000 367.000
144.000 296.000 198.000 362.000 174.000 301.000 227.000 366.000
143.000 297.000 195.000 361.000 173.000 301.000 227.000 365.000
143.000 294.000 197.000 363.000 173.000 300.000 228.000 367.000
143.000 297.000 195.000 361.000 176.000 300.000 229.000 366.000
144.000 296.000 195.000 359.000 173.000 299.000 228.000 368.000
144.000 295.000 198.000 364.000 173.000 299.000 227.000 366.000
143.000 293.000 199.000 365.000 175.000 300.000 227.000 365.000
143.000 294.000 197.000 362.000 174.000 301.000 227.000 366.000
143.000 295.000 197.000 361.000 174.000 300.000 228.000 367.000
145.000 295.000 198.000 361.000 176.000 301.000 229.000 364.000
144.000 296.000 196.000 359.000 176.000 301.000 229.000 364.000
145.000 296.000 197.000 361.000 176.000 301.000 228.000 364.000
144.000 294.000 199.000 361.000 176.000 301.000 228.000 365.000
146.000 297.000 197.000 358.000 176.000 300.000 229.000 365.000
144.000 296.000 195.000 359.000 176.000 300.000 229.000 366.000
145.000 293.000 200.000 361.000 176.000 299.000 231.000 367.000
145.000 296.000 195.000 360.000 175.000 299.000 230.000 366.000
145.000 295.000 198.000 361.000 175.000 300.000 229.000 367.000
145.000 295.000 198.000 362.000 174.000 300.000 229.000 367.000
144.000 295.000 195.000 360.000 174.000 300.000 228.000 368.000
145.000 296.000 198.000 361.000 175.000 301.000 228.000 366.000
145.000 295.000 198.000 360.000 176.000 299.000 229.000 367.000
144.000 294.000 197.000 364.000 177.000 299.000 229.000 365.000
145.000 292.000 201.000 362.000 176.000 299.000 230.000 367.000
144.000 294.000 199.000 361.000 177.000 300.000 229.000 364.000
145.000 293.000 201.000 361.000 175.000 299.000 230.000 369.000
145.000 295.000 199.000 362.000 177.000 300.000 230.000 366.000
144.000 293.000 201.000 362.000 177.000 299.000 230.000 366.000
144.000 295.000 196.000 361.000 177.000 301.000 229.000 365.000
144.000 296.000 196.000 361.000 175.000 299.000 230.000 368.000
144.000 296.000 195.000 361.000 175.000 300.000 230.000 364.000
143.000 296.000 195.000 360.000 176.000 301.000 228.000 364.000
143.000 295.000 193.000 359.000 176.000 301.000 227.000 364.000
143.000 295.000 197.000 363.000 175.000 299.000 229.000 368.000
143.000 295.000 195.000 361.000 175.000 300.000 227.000 365.000
142.000 295.000 194.000 359.000 176.000 301.000 227.000 363.000
143.000 295.000 196.000 362.000 175.000 301.000 229.000 367.000
143.000 295.000 194.000 359.000 175.000 300.000 228.000 366.000
143.000 296.000 197.000 364.000 175.000 300.000 230.000 367.000
143.000 296.000 195.000 361.000 176.000 300.000 228.000 364.000
142.000 294.000 196.000 363.000 176.000 301.000 225.000 361.000
143.000 293.000 198.000 364.000 174.000 299.000 228.000 367.000
142.000 294.000 197.000 363.000 173.000 299.000 228.000 366.000
143.000 294.000 196.000 360.000 174.000 299.000 227.000 367.000
144.000 298.000 195.000 362.000 174.000 300.000 227.000 365.000
143.000 293.000 198.000 362.000 174.000 300.000 227.000 366.000
145.000 296.000 194.000 357.000 173.000 299.000 227.000 367.000
142.000 294.000 197.000 361.000 172.000 298.000 227.000 365.000
142.000 294.000 196.000 361.000 172.000 300.000 222.000 365.000
142.000 295.000 196.000 364.000 172.000 298.000 227.000 364.000
142.000 295.000 196.000 360.000 173.000 301.000 226.000 366.000
142.000 294.000 197.000 360.000 174.000 301.000 227.000 366.000
143.000 297.000 193.000 358.000 175.000 300.000 228.000 363.000
144.000 296.000 193.000 358.000 173.000 299.000 225.000 361.000
143.000 294.000 197.000 361.000 171.000 298.000 226.000 364.000
144.000 295.000 195.000 359.000 173.000 300.000 226.000 365.000
142.000 297.000 193.000 360.000 175.000 300.000 227.000 364.000
143.000 295.000 194.000 361.000 173.000 299.000 226.000 365.000
142.000 294.000 195.000 359.000 174.000 299.000 226.000 363.000
143.000 296.000 195.000 360.000 173.000 300.000 226.000 365.000
142.000 297.000 193.000 360.000 174.000 301.000 225.000 364.000
142.000 295.000 194.000 360.000 173.000 300.000 226.000 366.000
142.000 293.000 195.000 361.000 172.000 298.000 225.000 364.000
141.000 295.000 194.000 361.000 173.000 302.000 224.000 363.000
141.000 294.000 194.000 361.000 172.000 299.000 227.000 366.000
141.000 296.000 193.000 360.000 171.000 297.000 227.000 364.000
142.000 296.000 194.000 359.000 174.000 299.000 227.000 364.000
142.000 294.000 194.000 360.000 171.000 300.000 225.000 364.000
142.000 295.000 193.000 359.000 172.000 299.000 226.000 365.000
142.000 294.000 196.000 361.000 171.000 297.000 225.000 363.000
141.000 297.000 193.000 361.000 174.000 301.000 225.000 363.000
142.000 295.000 195.000 360.000 168.000 297.000 226.000 367.000
142.000 298.000 194.000 361.000 172.000 299.000 227.000 365.000
142.000 295.000 194.000 363.000 168.000 298.000 224.000 365.000
143.000 296.000 194.000 358.000 175.000 300.000 228.000 363.000
142.000 296.000 194.000 359.000 174.000 302.000 220.000 361.000
143.000 296.000 196.000 359.000 173.000 301.000 226.000 365.000
143.000 295.000 196.000 361.000 174.000 301.000 226.000 365.000
142.000 296.000 194.000 361.000 174.000 300.000 227.000 366.000
143.000 295.000 196.000 361.000 174.000 300.000 227.000 365.000
144.000 294.000 198.000 362.000 175.000 299.000 227.000 365.000
144.000 295.000 196.000 360.000 175.000 301.000 227.000 365.000
