148.000 140.000 429.000 507.000 241.000 137.000 528.000 511.000
121.000 113.000 431.000 491.000 216.000 105.000 548.000 501.000
117.000 103.000 448.000 522.000 232.000 114.000 534.000 460.000
137.000 139.000 423.000 508.000 218.000 97.000 563.000 500.000
124.000 118.000 435.000 512.000 228.000 112.000 544.000 500.000
124.000 111.000 420.000 490.000 219.000 97.000 559.000 493.000
116.000 111.000 430.000 514.000 215.000 104.000 546.000 485.000
114.000 102.000 437.000 519.000 227.000 114.000 536.000 456.000
122.000 106.000 437.000 512.000 225.000 114.000 534.000 449.000
148.000 131.000 427.000 496.000 220.000 104.000 552.000 495.000
131.000 114.000 449.000 496.000 229.000 108.000 545.000 474.000
144.000 148.000 422.000 503.000 224.000 102.000 551.000 484.000
124.000 105.000 445.000 512.000 224.000 107.000 544.000 484.000
126.000 97.000 458.000 510.000 230.000 107.000 550.000 458.000
121.000 101.000 450.000 506.000 231.000 95.000 559.000 485.000
126.000 111.000 435.000 508.000 221.000 101.000 554.000 473.000
122.000 94.000 458.000 504.000 211.000 101.000 539.000 491.000
129.000 106.000 442.000 500.000 234.000 113.000 541.000 475.000
127.000 97.000 460.000 511.000 228.000 98.000 563.000 485.000
141.000 120.000 418.000 491.000 230.000 98.000 568.000 488.000
136.000 109.000 438.000 496.000 249.000 136.000 546.000 503.000
139.000 124.000 433.000 505.000 244.000 132.000 551.000 503.000
130.000 110.000 428.000 501.000 255.000 130.000 562.000 506.000
140.000 105.000 463.000 521.000 246.000 122.000 563.000 515.000
137.000 100.000 440.000 514.000 237.000 103.000 572.000 528.000
144.000 124.000 449.000 507.000 255.000 142.000 530.000 493.000
134.000 107.000 445.000 477.000 255.000 149.000 524.000 488.000
134.000 113.000 445.000 511.000 229.000 103.000 566.000 541.000
146.000 120.000 442.000 506.000 238.000 112.000 545.000 481.000
140.000 111.000 435.000 497.000 228.000 105.000 544.000 518.000
138.000 111.000 421.000 473.000 232.000 115.000 550.000 525.000
128.000 95.000 450.000 497.000 228.000 99.000 550.000 498.000
165.000 146.000 425.000 476.000 216.000 92.000 549.000 497.000
142.000 113.000 434.000 480.000 233.000 102.000 550.000 488.000
135.000 111.000 433.000 502.000 230.000 128.000 533.000 517.000
140.000 133.000 428.000 494.000 225.000 101.000 554.000 514.000
147.000 139.000 413.000 478.000 229.000 109.000 546.000 508.000
137.000 117.000 442.000 511.000 223.000 105.000 545.000 504.000
134.000 113.000 434.000 501.000 226.000 105.000 554.000 531.000
147.000 125.000 425.000 491.000 230.000 109.000 545.000 493.000
136.000 109.000 424.000 501.000 224.000 101.000 554.000 508.000
138.000 117.000 428.000 496.000 236.000 105.000 552.000 500.000
151.000 123.000 420.000 475.000 220.000 98.000 555.000 513.000
137.000 109.000 441.000 514.000 241.000 113.000 537.000 488.000
137.000 112.000 422.000 485.000 240.000 112.000 540.000 505.000
139.000 119.000 421.000 477.000 232.000 109.000 535.000 471.000
136.000 129.000 430.000 503.000 220.000 105.000 546.000 506.000
145.000 137.000 421.000 490.000 225.000 97.000 554.000 517.000
138.000 117.000 424.000 490.000 224.000 104.000 544.000 506.000
134.000 119.000 414.000 490.000 225.000 104.000 534.000 507.000
142.000 107.000 434.000 478.000 225.000 103.000 552.000 516.000
139.000 109.000 452.000 509.000 236.000 111.000 539.000 492.000
144.000 115.000 429.000 467.000 234.000 100.000 551.000 489.000
134.000 106.000 445.000 496.000 229.000 107.000 541.000 511.000
144.000 110.000 440.000 499.000 241.000 108.000 548.000 509.000
144.000 117.000 437.000 503.000 236.000 109.000 544.000 488.000
147.000 114.000 443.000 503.000 249.000 110.000 548.000 471.000
149.000 120.000 438.000 488.000 239.000 112.000 542.000 502.000
151.000 121.000 438.000 479.000 234.000 104.000 547.000 496.000
156.000 134.000 418.000 470.000 246.000 119.000 542.000 501.000
153.000 118.000 435.000 491.000 245.000 118.000 536.000 487.000
144.000 119.000 431.000 482.000 241.000 125.000 532.000 501.000
148.000 125.000 435.000 492.000 233.000 107.000 545.000 498.000
127.000 101.000 430.000 482.000 241.000 113.000 546.000 507.000
144.000 108.000 446.000 500.000 240.000 105.000 549.000 481.000
133.000 101.000 444.000 489.000 230.000 103.000 540.000 509.000
147.000 110.000 448.000 502.000 225.000 101.000 553.000 509.000
147.000 117.000 431.000 485.000 230.000 100.000 550.000 503.000
141.000 113.000 440.000 498.000 238.000 109.000 550.000 508.000
149.000 125.000 432.000 485.000 234.000 108.000 544.000 494.000
144.000 109.000 450.000 503.000 231.000 109.000 555.000 506.000
134.000 103.000 441.000 492.000 238.000 109.000 548.000 505.000
143.000 118.000 436.000 491.000 255.000 134.000 531.000 509.000
144.000 114.000 434.000 489.000 238.000 111.000 543.000 497.000
143.000 111.000 437.000 492.000 230.000 105.000 544.000 492.000
140.000 112.000 444.000 501.000 233.000 103.000 564.000 521.000
145.000 109.000 457.000 510.000 238.000 104.000 549.000 475.000
142.000 109.000 433.000 490.000 231.000 106.000 539.000 486.000
144.000 122.000 439.000 505.000 235.000 111.000 539.000 505.000
142.000 117.000 438.000 495.000 229.000 101.000 557.000 523.000
139.000 103.000 427.000 485.000 234.000 107.000 541.000 494.000
151.000 100.000 426.000 472.000 236.000 111.000 539.000 503.000
134.000 98.000 447.000 492.000 248.000 120.000 537.000 503.000
139.000 105.000 442.000 498.000 232.000 99.000 555.000 515.000
145.000 106.000 437.000 485.000 236.000 94.000 545.000 508.000
144.000 97.000 449.000 496.000 290.000 147.000 512.000 433.000
141.000 106.000 424.000 486.000 235.000 106.000 542.000 506.000
146.000 104.000 433.000 477.000 252.000 125.000 527.000 499.000
141.000 101.000 437.000 485.000 248.000 107.000 550.000 486.000
154.000 118.000 433.000 480.000 309.000 152.000 527.000 422.000
153.000 116.000 435.000 478.000 238.000 106.000 543.000 498.000
147.000 110.000 430.000 480.000 232.000 100.000 547.000 496.000
140.000 103.000 423.000 477.000 234.000 105.000 540.000 496.000
129.000 98.000 436.000 501.000 231.000 97.000 539.000 491.000
131.000 103.000 438.000 498.000 237.000 103.000 534.000 481.000
130.000 113.000 430.000 472.000 227.000 97.000 541.000 498.000
135.000 97.000 449.000 502.000 235.000 104.000 536.000 481.000
137.000 101.000 440.000 500.000 232.000 96.000 542.000 495.000
147.000 119.000 426.000 492.000 236.000 93.000 549.000 488.000
158.000 125.000 426.000 471.000 238.000 105.000 537.000 481.000
152.000 114.000 429.000 480.000 235.000 101.000 533.000 473.000
147.000 124.000 417.000 469.000 235.000 98.000 535.000 491.000
142.000 110.000 442.000 494.000 232.000 95.000 546.000 493.000
136.000 103.000 428.000 474.000 291.000 153.000 499.000 422.000
141.000 101.000 429.000 488.000 272.000 131.000 520.000 439.000
147.000 113.000 426.000 480.000 228.000 99.000 542.000 469.000
154.000 116.000 429.000 478.000 228.000 98.000 528.000 484.000
157.000 131.000 419.000 471.000 234.000 103.000 541.000 482.000
149.000 115.000 428.000 479.000 240.000 106.000 536.000 488.000
140.000 111.000 429.000 476.000 233.000 105.000 541.000 502.000
138.000 100.000 439.000 482.000 238.000 92.000 550.000 484.000
120.000 101.000 413.000 487.000 240.000 106.000 531.000 464.000
126.000 99.000 423.000 487.000 230.000 94.000 546.000 502.000
131.000 104.000 429.000 482.000 237.000 104.000 533.000 485.000
138.000 106.000 420.000 471.000 232.000 102.000 534.000 477.000
127.000 107.000 435.000 496.000 233.000 106.000 536.000 489.000
133.000 102.000 423.000 481.000 235.000 105.000 534.000 481.000
125.000 99.000 430.000 494.000 235.000 103.000 533.000 475.000
133.000 97.000 429.000 491.000 235.000 96.000 546.000 489.000
138.000 94.000 450.000 497.000 236.000 104.000 527.000 486.000
124.000 98.000 424.000 480.000 243.000 100.000 540.000 460.000
142.000 103.000 435.000 494.000 237.000 102.000 535.000 471.000
151.000 116.000 426.000 470.000 239.000 101.000 541.000 470.000
141.000 100.000 427.000 485.000 238.000 90.000 554.000 487.000
148.000 116.000 418.000 475.000 238.000 103.000 538.000 476.000
153.000 118.000 428.000 478.000 246.000 106.000 546.000 476.000
129.000 82.000 458.000 506.000 234.000 100.000 538.000 496.000
141.000 106.000 441.000 493.000 237.000 91.000 550.000 475.000
144.000 118.000 422.000 486.000 226.000 104.000 521.000 477.000
143.000 99.000 438.000 480.000 237.000 119.000 540.000 509.000
129.000 106.000 411.000 473.000 240.000 96.000 543.000 467.000
113.000 84.000 441.000 506.000 226.000 93.000 540.000 484.000
134.000 101.000 439.000 487.000 236.000 100.000 540.000 471.000
123.000 89.000 438.000 501.000 226.000 85.000 565.000 514.000
127.000 97.000 433.000 480.000 237.000 92.000 546.000 482.000
132.000 95.000 437.000 491.000 226.000 84.000 565.000 520.000
136.000 101.000 423.000 475.000 239.000 102.000 544.000 493.000
134.000 94.000 438.000 492.000 235.000 83.000 553.000 480.000
124.000 93.000 426.000 477.000 222.000 86.000 537.000 502.000
122.000 95.000 431.000 462.000 228.000 92.000 540.000 477.000
119.000 87.000 433.000 492.000 225.000 74.000 550.000 486.000
126.000 84.000 446.000 489.000 230.000 100.000 535.000 487.000
116.000 86.000 431.000 499.000 232.000 91.000 538.000 470.000
125.000 88.000 434.000 489.000 236.000 88.000 542.000 477.000
122.000 80.000 456.000 510.000 235.000 91.000 553.000 503.000
131.000 92.000 433.000 488.000 234.000 94.000 538.000 476.000
133.000 89.000 435.000 494.000 234.000 99.000 541.000 494.000
124.000 97.000 429.000 488.000 230.000 91.000 543.000 475.000
130.000 86.000 458.000 501.000 233.000 97.000 538.000 471.000
128.000 87.000 443.000 488.000 228.000 97.000 542.000 490.000
138.000 97.000 438.000 478.000 232.000 99.000 544.000 498.000
127.000 89.000 425.000 496.000 232.000 86.000 552.000 487.000
120.000 82.000 449.000 511.000 246.000 105.000 543.000 485.000
136.000 88.000 451.000 495.000 242.000 89.000 560.000 498.000
184.000 147.000 419.000 445.000 239.000 89.000 559.000 502.000
151.000 100.000 442.000 481.000 244.000 106.000 535.000 458.000
156.000 112.000 431.000 478.000 246.000 91.000 548.000 493.000
149.000 96.000 442.000 487.000 242.000 96.000 549.000 459.000
146.000 86.000 476.000 510.000 244.000 89.000 555.000 504.000
167.000 127.000 446.000 476.000 258.000 96.000 552.000 457.000
121.000 76.000 459.000 462.000 251.000 92.000 557.000 461.000
157.000 108.000 447.000 479.000 249.000 105.000 547.000 475.000
159.000 107.000 444.000 476.000 239.000 92.000 547.000 489.000
150.000 97.000 451.000 486.000 253.000 94.000 558.000 465.000
172.000 134.000 429.000 461.000 244.000 93.000 557.000 499.000
153.000 102.000 440.000 468.000 247.000 111.000 532.000 489.000
143.000 95.000 447.000 487.000 247.000 90.000 555.000 466.000
139.000 90.000 436.000 496.000 253.000 91.000 555.000 495.000
162.000 125.000 425.000 468.000 248.000 100.000 543.000 492.000
154.000 108.000 435.000 478.000 241.000 98.000 544.000 483.000
177.000 126.000 420.000 431.000 247.000 98.000 545.000 474.000
146.000 100.000 432.000 470.000 240.000 91.000 545.000 501.000
147.000 88.000 438.000 483.000 254.000 110.000 537.000 465.000
138.000 90.000 440.000 495.000 248.000 102.000 544.000 486.000
154.000 103.000 440.000 485.000 240.000 88.000 564.000 508.000
146.000 94.000 458.000 495.000 228.000 88.000 552.000 511.000
144.000 87.000 477.000 512.000 242.000 88.000 564.000 500.000
153.000 111.000 441.000 474.000 244.000 91.000 553.000 503.000
140.000 97.000 451.000 494.000 237.000 90.000 545.000 487.000
135.000 86.000 439.000 483.000 232.000 88.000 552.000 498.000
145.000 94.000 457.000 493.000 240.000 92.000 548.000 477.000
143.000 87.000 458.000 493.000 241.000 96.000 549.000 491.000
128.000 87.000 450.000 503.000 243.000 93.000 549.000 486.000
130.000 94.000 434.000 488.000 248.000 120.000 522.000 453.000
148.000 94.000 449.000 490.000 240.000 96.000 546.000 481.000
150.000 100.000 441.000 479.000 241.000 87.000 558.000 496.000
145.000 95.000 437.000 479.000 232.000 85.000 546.000 497.000
140.000 93.000 421.000 480.000 243.000 85.000 547.000 491.000
135.000 88.000 449.000 494.000 246.000 113.000 533.000 462.000
144.000 91.000 444.000 486.000 241.000 98.000 544.000 469.000
136.000 86.000 450.000 494.000 233.000 83.000 563.000 513.000
147.000 96.000 443.000 486.000 245.000 88.000 558.000 477.000
139.000 95.000 456.000 502.000 234.000 84.000 563.000 508.000
144.000 93.000 449.000 492.000 240.000 108.000 530.000 459.000
154.000 100.000 434.000 469.000 251.000 91.000 553.000 469.000
176.000 137.000 424.000 456.000 245.000 95.000 552.000 488.000
155.000 94.000 459.000 487.000 253.000 124.000 533.000 479.000
141.000 95.000 461.000 504.000 245.000 93.000 566.000 503.000
149.000 113.000 440.000 476.000 240.000 85.000 556.000 507.000
128.000 65.000 452.000 440.000 245.000 85.000 556.000 494.000
163.000 97.000 438.000 466.000 228.000 84.000 548.000 458.000
151.000 99.000 442.000 481.000 247.000 94.000 559.000 498.000
143.000 91.000 452.000 494.000 240.000 95.000 546.000 476.000
151.000 97.000 450.000 477.000 254.000 101.000 555.000 482.000
149.000 91.000 448.000 483.000 241.000 83.000 566.000 501.000
141.000 94.000 427.000 469.000 241.000 86.000 562.000 509.000
140.000 84.000 448.000 496.000 250.000 92.000 551.000 482.000
151.000 103.000 437.000 477.000 250.000 95.000 552.000 486.000
150.000 96.000 444.000 478.000 242.000 85.000 547.000 489.000
150.000 90.000 453.000 489.000 255.000 90.000 560.000 463.000
150.000 94.000 462.000 490.000 244.000 82.000 565.000 481.000
145.000 88.000 466.000 498.000 276.000 123.000 539.000 454.000
155.000 95.000 466.000 487.000 248.000 85.000 551.000 495.000
150.000 98.000 443.000 474.000 251.000 116.000 545.000 496.000
168.000 130.000 424.000 456.000 245.000 106.000 555.000 501.000
157.000 116.000 431.000 471.000 247.000 99.000 549.000 489.000
150.000 96.000 443.000 469.000 242.000 82.000 558.000 496.000
146.000 94.000 442.000 483.000 245.000 103.000 558.000 499.000
148.000 100.000 432.000 466.000 214.000 86.000 547.000 481.000
132.000 85.000 444.000 490.000 248.000 85.000 554.000 493.000
132.000 81.000 466.000 513.000 244.000 93.000 547.000 486.000
132.000 88.000 439.000 468.000 243.000 111.000 528.000 458.000
146.000 97.000 436.000 477.000 246.000 103.000 536.000 467.000
146.000 97.000 438.000 472.000 241.000 103.000 541.000 467.000
141.000 86.000 446.000 485.000 247.000 96.000 544.000 478.000
139.000 77.000 448.000 489.000 228.000 81.000 544.000 495.000
132.000 83.000 439.000 470.000 249.000 88.000 551.000 470.000
140.000 93.000 437.000 481.000 227.000 81.000 536.000 498.000
130.000 91.000 433.000 486.000 243.000 92.000 544.000 479.000
139.000 96.000 432.000 465.000 231.000 81.000 541.000 468.000
164.000 127.000 424.000 468.000 243.000 89.000 548.000 480.000
139.000 82.000 438.000 485.000 246.000 88.000 554.000 464.000
134.000 87.000 433.000 479.000 234.000 84.000 539.000 453.000
132.000 81.000 440.000 492.000 235.000 86.000 541.000 466.000
138.000 95.000 434.000 477.000 240.000 96.000 536.000 480.000
133.000 90.000 431.000 483.000 247.000 105.000 534.000 483.000
138.000 95.000 426.000 469.000 234.000 93.000 538.000 483.000
130.000 84.000 433.000 483.000 230.000 81.000 551.000 498.000
130.000 82.000 437.000 489.000 240.000 88.000 541.000 482.000
136.000 90.000 421.000 461.000 234.000 78.000 576.000 517.000
142.000 90.000 433.000 464.000 240.000 96.000 540.000 483.000
136.000 94.000 430.000 453.000 227.000 83.000 549.000 494.000
130.000 81.000 446.000 495.000 218.000 79.000 533.000 460.000
122.000 75.000 450.000 503.000 242.000 93.000 541.000 485.000
127.000 81.000 443.000 481.000 221.000 76.000 541.000 479.000
122.000 74.000 455.000 502.000 229.000 79.000 535.000 455.000
120.000 77.000 447.000 502.000 239.000 78.000 576.000 510.000
120.000 77.000 451.000 505.000 241.000 106.000 540.000 482.000
124.000 82.000 446.000 499.000 240.000 101.000 542.000 489.000
123.000 75.000 447.000 496.000 234.000 92.000 547.000 494.000
128.000 78.000 460.000 501.000 240.000 84.000 570.000 503.000
167.000 130.000 423.000 458.000 234.000 98.000 538.000 496.000
150.000 94.000 442.000 479.000 239.000 90.000 554.000 494.000
131.000 80.000 448.000 485.000 234.000 94.000 549.000 501.000
117.000 76.000 423.000 497.000 233.000 76.000 555.000 500.000
129.000 94.000 419.000 478.000 234.000 77.000 561.000 502.000
135.000 89.000 425.000 478.000 225.000 78.000 554.000 506.000
120.000 81.000 422.000 493.000 237.000 87.000 542.000 483.000
127.000 94.000 412.000 466.000 228.000 72.000 556.000 501.000
128.000 75.000 451.000 502.000 230.000 88.000 538.000 466.000
149.000 117.000 403.000 452.000 236.000 95.000 530.000 460.000
113.000 81.000 420.000 504.000 235.000 83.000 547.000 487.000
119.000 72.000 445.000 496.000 230.000 82.000 543.000 487.000
117.000 80.000 428.000 489.000 231.000 83.000 547.000 480.000
126.000 80.000 424.000 468.000 232.000 79.000 545.000 497.000
125.000 82.000 416.000 473.000 238.000 77.000 574.000 505.000
120.000 82.000 422.000 493.000 237.000 92.000 548.000 492.000
120.000 74.000 424.000 485.000 236.000 90.000 553.000 494.000
115.000 85.000 408.000 467.000 235.000 74.000 554.000 480.000
127.000 75.000 438.000 492.000 236.000 84.000 548.000 486.000
135.000 85.000 430.000 479.000 244.000 90.000 546.000 479.000
129.000 84.000 425.000 484.000 227.000 70.000 563.000 508.000
133.000 74.000 440.000 487.000 235.000 86.000 560.000 511.000
133.000 74.000 440.000 487.000 235.000 86.000 560.000 511.000
130.000 102.000 429.000 457.000 237.000 84.000 560.000 505.000
133.000 85.000 426.000 473.000 237.000 89.000 538.000 479.000
136.000 111.000 425.000 485.000 233.000 78.000 561.000 502.000
132.000 81.000 436.000 486.000 239.000 85.000 550.000 474.000
136.000 86.000 427.000 477.000 227.000 82.000 538.000 493.000
127.000 86.000 428.000 485.000 223.000 75.000 544.000 480.000
123.000 81.000 421.000 477.000 238.000 99.000 530.000 447.000
149.000 115.000 417.000 465.000 226.000 82.000 552.000 500.000
134.000 100.000 414.000 461.000 235.000 76.000 555.000 482.000
140.000 113.000 405.000 459.000 236.000 87.000 536.000 478.000
146.000 121.000 409.000 461.000 229.000 78.000 553.000 497.000
122.000 92.000 417.000 496.000 234.000 91.000 534.000 463.000
131.000 93.000 424.000 484.000 235.000 84.000 541.000 470.000
161.000 105.000 414.000 423.000 230.000 78.000 550.000 490.000
138.000 98.000 422.000 478.000 224.000 76.000 548.000 499.000
118.000 87.000 405.000 481.000 227.000 74.000 546.000 485.000
135.000 88.000 435.000 487.000 230.000 70.000 563.000 498.000
129.000 78.000 434.000 484.000 227.000 77.000 540.000 487.000
130.000 92.000 416.000 458.000 230.000 84.000 545.000 494.000
137.000 91.000 428.000 476.000 233.000 80.000 546.000 491.000
130.000 81.000 437.000 480.000 236.000 82.000 539.000 464.000
96.000 87.000 439.000 501.000 233.000 82.000 539.000 452.000
131.000 92.000 421.000 469.000 217.000 70.000 543.000 492.000
112.000 99.000 416.000 505.000 240.000 81.000 547.000 465.000
135.000 95.000 416.000 477.000 228.000 71.000 556.000 491.000
101.000 77.000 416.000 502.000 226.000 74.000 543.000 486.000
