124.000 44.000 395.000 411.000 225.000 49.000 503.000 403.000
127.000 56.000 389.000 402.000 231.000 57.000 476.000 378.000
131.000 41.000 384.000 394.000 221.000 52.000 493.000 404.000
135.000 28.000 402.000 392.000 223.000 41.000 494.000 392.000
134.000 47.000 376.000 381.000 231.000 42.000 503.000 387.000
141.000 38.000 412.000 388.000 238.000 40.000 505.000 385.000
133.000 42.000 383.000 382.000 238.000 47.000 497.000 379.000
129.000 41.000 403.000 386.000 232.000 44.000 499.000 391.000
140.000 50.000 396.000 378.000 228.000 43.000 489.000 374.000
136.000 48.000 396.000 387.000 246.000 67.000 481.000 362.000
144.000 52.000 396.000 388.000 241.000 51.000 495.000 372.000
114.000 37.000 385.000 393.000 228.000 46.000 492.000 390.000
158.000 59.000 390.000 367.000 233.000 44.000 495.000 386.000
144.000 57.000 396.000 388.000 233.000 36.000 509.000 391.000
142.000 55.000 400.000 385.000 228.000 49.000 492.000 393.000
144.000 50.000 403.000 389.000 228.000 39.000 500.000 388.000
136.000 43.000 402.000 383.000 236.000 47.000 504.000 381.000
148.000 50.000 395.000 380.000 230.000 45.000 495.000 385.000
143.000 37.000 392.000 381.000 228.000 35.000 508.000 396.000
145.000 36.000 402.000 379.000 236.000 47.000 497.000 379.000
136.000 46.000 400.000 390.000 222.000 34.000 505.000 394.000
130.000 36.000 401.000 398.000 243.000 39.000 515.000 385.000
222.000 123.000 378.000 327.000 230.000 43.000 496.000 381.000
131.000 38.000 386.000 390.000 228.000 39.000 498.000 390.000
131.000 38.000 386.000 390.000 228.000 39.000 498.000 390.000
143.000 43.000 386.000 381.000 219.000 39.000 494.000 387.000
138.000 57.000 389.000 372.000 216.000 35.000 508.000 403.000
148.000 45.000 406.000 386.000 239.000 49.000 499.000 385.000
131.000 36.000 411.000 386.000 239.000 50.000 501.000 392.000
150.000 57.000 402.000 380.000 227.000 42.000 498.000 384.000
139.000 43.000 405.000 382.000 243.000 44.000 508.000 383.000
145.000 53.000 397.000 385.000 230.000 37.000 483.000 356.000
145.000 53.000 397.000 385.000 230.000 37.000 483.000 356.000
147.000 37.000 394.000 371.000 238.000 47.000 509.000 387.000
134.000 39.000 414.000 398.000 239.000 42.000 504.000 388.000
132.000 38.000 410.000 382.000 223.000 35.000 497.000 395.000
149.000 57.000 401.000 380.000 246.000 43.000 509.000 380.000
144.000 44.000 394.000 377.000 236.000 38.000 507.000 392.000
142.000 37.000 402.000 375.000 262.000 95.000 471.000 361.000
151.000 51.000 411.000 390.000 229.000 40.000 504.000 396.000
141.000 32.000 401.000 390.000 234.000 44.000 503.000 395.000
152.000 43.000 403.000 379.000 235.000 48.000 485.000 388.000
146.000 39.000 399.000 382.000 229.000 41.000 497.000 393.000
147.000 44.000 409.000 394.000 229.000 39.000 502.000 393.000
139.000 55.000 392.000 376.000 229.000 42.000 493.000 390.000
166.000 62.000 382.000 353.000 232.000 38.000 500.000 393.000
121.000 33.000 408.000 400.000 227.000 40.000 494.000 389.000
123.000 37.000 394.000 394.000 217.000 46.000 482.000 391.000
125.000 40.000 400.000 387.000 220.000 40.000 492.000 396.000
117.000 32.000 394.000 396.000 217.000 31.000 505.000 403.000
142.000 54.000 399.000 386.000 225.000 41.000 493.000 389.000
124.000 38.000 401.000 398.000 236.000 46.000 495.000 379.000
132.000 33.000 391.000 388.000 223.000 45.000 492.000 394.000
138.000 47.000 395.000 386.000 228.000 44.000 476.000 387.000
144.000 51.000 397.000 385.000 231.000 47.000 498.000 389.000
128.000 40.000 392.000 389.000 212.000 42.000 486.000 396.000
153.000 63.000 387.000 355.000 228.000 42.000 498.000 392.000
137.000 35.000 408.000 398.000 227.000 41.000 500.000 396.000
128.000 32.000 407.000 396.000 231.000 52.000 493.000 387.000
126.000 36.000 407.000 394.000 232.000 45.000 500.000 392.000
126.000 36.000 406.000 395.000 236.000 49.000 503.000 395.000
138.000 32.000 403.000 388.000 230.000 44.000 492.000 394.000
143.000 53.000 404.000 389.000 233.000 41.000 493.000 391.000
143.000 56.000 393.000 385.000 240.000 47.000 496.000 371.000
132.000 49.000 393.000 392.000 232.000 39.000 497.000 393.000
135.000 49.000 391.000 379.000 233.000 46.000 496.000 388.000
142.000 44.000 398.000 388.000 238.000 52.000 504.000 392.000
134.000 41.000 386.000 391.000 236.000 47.000 495.000 391.000
152.000 49.000 396.000 381.000 236.000 50.000 497.000 382.000
122.000 48.000 390.000 387.000 240.000 47.000 503.000 393.000
143.000 46.000 398.000 387.000 216.000 39.000 501.000 401.000
135.000 40.000 394.000 394.000 233.000 49.000 492.000 380.000
134.000 41.000 415.000 393.000 241.000 56.000 493.000 384.000
135.000 44.000 401.000 392.000 230.000 47.000 498.000 390.000
145.000 55.000 388.000 367.000 238.000 40.000 502.000 382.000
128.000 47.000 393.000 397.000 235.000 39.000 509.000 395.000
128.000 47.000 393.000 397.000 235.000 39.000 509.000 395.000
155.000 55.000 395.000 374.000 228.000 49.000 494.000 385.000
129.000 32.000 411.000 390.000 232.000 43.000 501.000 394.000
142.000 40.000 407.000 393.000 239.000 54.000 491.000 387.000
144.000 46.000 391.000 382.000 230.000 47.000 495.000 401.000
141.000 46.000 405.000 396.000 213.000 48.000 486.000 398.000
140.000 38.000 406.000 392.000 234.000 63.000 480.000 381.000
138.000 46.000 402.000 406.000 231.000 51.000 491.000 391.000
147.000 56.000 390.000 387.000 233.000 48.000 503.000 391.000
141.000 52.000 403.000 400.000 226.000 53.000 489.000 388.000
133.000 61.000 385.000 382.000 228.000 46.000 499.000 394.000
125.000 50.000 380.000 393.000 229.000 50.000 489.000 393.000
159.000 59.000 402.000 379.000 229.000 56.000 486.000 389.000
133.000 49.000 396.000 387.000 233.000 47.000 497.000 393.000
134.000 64.000 371.000 369.000 229.000 47.000 497.000 403.000
126.000 56.000 381.000 380.000 232.000 59.000 489.000 388.000
138.000 55.000 400.000 403.000 235.000 62.000 491.000 389.000
152.000 72.000 383.000 356.000 226.000 49.000 498.000 403.000
145.000 70.000 386.000 383.000 225.000 56.000 488.000 395.000
207.000 121.000 360.000 323.000 222.000 51.000 491.000 404.000
137.000 54.000 383.000 389.000 222.000 45.000 499.000 407.000
121.000 46.000 388.000 388.000 224.000 54.000 486.000 393.000
124.000 49.000 384.000 389.000 225.000 51.000 488.000 397.000
133.000 57.000 385.000 392.000 223.000 57.000 489.000 401.000
140.000 63.000 381.000 386.000 235.000 56.000 497.000 395.000
134.000 55.000 395.000 406.000 236.000 64.000 490.000 390.000
142.000 49.000 383.000 380.000 226.000 59.000 495.000 406.000
145.000 48.000 404.000 382.000 223.000 60.000 492.000 406.000
149.000 56.000 398.000 380.000 237.000 66.000 487.000 390.000
131.000 59.000 399.000 390.000 226.000 55.000 492.000 400.000
123.000 53.000 400.000 402.000 230.000 63.000 486.000 392.000
139.000 57.000 385.000 376.000 227.000 56.000 482.000 392.000
139.000 55.000 397.000 391.000 237.000 64.000 491.000 394.000
134.000 52.000 396.000 394.000 221.000 55.000 486.000 405.000
136.000 54.000 403.000 403.000 239.000 70.000 481.000 383.000
119.000 51.000 399.000 397.000 237.000 60.000 493.000 387.000
132.000 52.000 406.000 410.000 228.000 59.000 485.000 393.000
139.000 45.000 406.000 403.000 234.000 65.000 487.000 395.000
134.000 53.000 383.000 391.000 230.000 50.000 489.000 394.000
132.000 53.000 390.000 397.000 230.000 60.000 489.000 402.000
134.000 53.000 387.000 383.000 219.000 61.000 488.000 410.000
134.000 51.000 389.000 401.000 223.000 54.000 487.000 395.000
161.000 94.000 350.000 332.000 232.000 62.000 488.000 394.000
145.000 61.000 390.000 391.000 235.000 65.000 494.000 392.000
139.000 49.000 392.000 366.000 235.000 63.000 490.000 395.000
144.000 65.000 388.000 390.000 237.000 62.000 485.000 379.000
127.000 53.000 391.000 387.000 231.000 54.000 491.000 393.000
123.000 53.000 400.000 404.000 225.000 62.000 498.000 427.000
133.000 55.000 394.000 399.000 231.000 54.000 485.000 397.000
123.000 45.000 386.000 405.000 236.000 63.000 489.000 394.000
140.000 57.000 411.000 401.000 232.000 55.000 496.000 395.000
155.000 69.000 390.000 378.000 238.000 65.000 487.000 392.000
147.000 65.000 382.000 384.000 234.000 49.000 503.000 395.000
143.000 67.000 397.000 397.000 241.000 66.000 487.000 379.000
179.000 111.000 379.000 365.000 235.000 59.000 489.000 391.000
129.000 49.000 389.000 379.000 239.000 67.000 490.000 394.000
138.000 66.000 392.000 403.000 242.000 68.000 492.000 387.000
147.000 83.000 375.000 381.000 231.000 52.000 503.000 398.000
159.000 82.000 380.000 364.000 233.000 62.000 493.000 406.000
133.000 55.000 392.000 401.000 237.000 56.000 494.000 384.000
159.000 84.000 381.000 372.000 226.000 48.000 490.000 389.000
158.000 88.000 385.000 386.000 243.000 73.000 492.000 400.000
142.000 81.000 388.000 390.000 246.000 68.000 494.000 387.000
144.000 72.000 396.000 405.000 240.000 62.000 484.000 372.000
178.000 107.000 378.000 355.000 240.000 59.000 500.000 396.000
126.000 42.000 399.000 397.000 242.000 79.000 483.000 395.000
154.000 71.000 398.000 387.000 239.000 72.000 491.000 391.000
157.000 74.000 382.000 359.000 233.000 64.000 489.000 391.000
133.000 58.000 384.000 392.000 230.000 75.000 493.000 416.000
143.000 67.000 385.000 392.000 230.000 52.000 489.000 396.000
132.000 58.000 390.000 389.000 225.000 57.000 490.000 401.000
129.000 47.000 398.000 394.000 229.000 64.000 486.000 408.000
139.000 55.000 392.000 389.000 234.000 67.000 482.000 385.000
150.000 69.000 397.000 392.000 231.000 55.000 491.000 390.000
145.000 62.000 391.000 384.000 227.000 56.000 501.000 409.000
147.000 72.000 387.000 395.000 230.000 65.000 486.000 400.000
137.000 67.000 404.000 404.000 233.000 56.000 497.000 402.000
129.000 41.000 401.000 414.000 232.000 62.000 496.000 404.000
132.000 56.000 393.000 403.000 232.000 61.000 487.000 392.000
136.000 41.000 404.000 383.000 231.000 65.000 488.000 396.000
133.000 55.000 392.000 398.000 233.000 53.000 492.000 397.000
131.000 51.000 388.000 375.000 239.000 58.000 490.000 384.000
130.000 51.000 397.000 397.000 223.000 54.000 485.000 391.000
129.000 47.000 403.000 405.000 229.000 57.000 485.000 387.000
124.000 42.000 405.000 397.000 238.000 61.000 491.000 391.000
137.000 54.000 398.000 397.000 236.000 59.000 491.000 394.000
136.000 58.000 392.000 394.000 228.000 61.000 498.000 405.000
145.000 75.000 377.000 384.000 227.000 55.000 480.000 392.000
143.000 66.000 387.000 398.000 240.000 65.000 480.000 371.000
137.000 56.000 399.000 395.000 228.000 54.000 488.000 393.000
131.000 53.000 392.000 390.000 229.000 52.000 494.000 392.000
145.000 68.000 389.000 389.000 226.000 51.000 494.000 400.000
125.000 53.000 387.000 386.000 224.000 40.000 503.000 412.000
137.000 57.000 384.000 388.000 227.000 53.000 491.000 398.000
130.000 52.000 385.000 391.000 229.000 58.000 486.000 391.000
130.000 59.000 378.000 401.000 224.000 55.000 489.000 402.000
118.000 50.000 392.000 417.000 229.000 49.000 494.000 392.000
120.000 49.000 390.000 416.000 230.000 82.000 459.000 388.000
138.000 54.000 391.000 389.000 225.000 49.000 496.000 403.000
138.000 57.000 382.000 389.000 226.000 49.000 500.000 409.000
139.000 71.000 401.000 416.000 234.000 61.000 490.000 391.000
144.000 52.000 403.000 381.000 230.000 55.000 491.000 393.000
142.000 56.000 406.000 392.000 227.000 62.000 492.000 410.000
141.000 46.000 388.000 396.000 229.000 74.000 494.000 414.000
138.000 63.000 391.000 392.000 224.000 51.000 498.000 405.000
126.000 49.000 391.000 397.000 219.000 56.000 478.000 394.000
144.000 74.000 383.000 390.000 230.000 57.000 498.000 407.000
123.000 46.000 396.000 399.000 238.000 64.000 490.000 393.000
136.000 62.000 379.000 399.000 239.000 58.000 501.000 389.000
140.000 45.000 396.000 387.000 235.000 65.000 491.000 402.000
147.000 79.000 380.000 378.000 239.000 52.000 500.000 394.000
146.000 57.000 404.000 393.000 236.000 68.000 490.000 407.000
127.000 51.000 380.000 384.000 220.000 44.000 497.000 398.000
128.000 56.000 390.000 391.000 226.000 53.000 498.000 409.000
147.000 69.000 384.000 371.000 246.000 83.000 484.000 390.000
138.000 56.000 398.000 391.000 229.000 69.000 490.000 412.000
133.000 56.000 393.000 394.000 249.000 74.000 485.000 386.000
135.000 75.000 373.000 388.000 234.000 59.000 488.000 389.000
145.000 67.000 386.000 386.000 225.000 49.000 494.000 405.000
141.000 50.000 400.000 398.000 233.000 60.000 489.000 390.000
128.000 49.000 385.000 404.000 218.000 48.000 491.000 410.000
114.000 43.000 390.000 405.000 227.000 52.000 490.000 396.000
122.000 42.000 395.000 414.000 216.000 50.000 490.000 399.000
137.000 69.000 380.000 374.000 215.000 44.000 480.000 395.000
131.000 53.000 395.000 407.000 197.000 21.000 505.000 425.000
134.000 40.000 404.000 393.000 235.000 72.000 476.000 376.000
130.000 49.000 397.000 398.000 193.000 24.000 502.000 434.000
128.000 59.000 383.000 383.000 236.000 56.000 488.000 386.000
214.000 200.000 291.000 293.000 209.000 44.000 487.000 404.000
123.000 57.000 389.000 396.000 226.000 49.000 486.000 383.000
136.000 57.000 394.000 392.000 220.000 54.000 484.000 408.000
124.000 50.000 394.000 398.000 234.000 58.000 489.000 386.000
144.000 51.000 390.000 390.000 233.000 60.000 487.000 381.000
140.000 62.000 391.000 386.000 229.000 53.000 491.000 397.000
143.000 68.000 400.000 397.000 224.000 55.000 493.000 405.000
119.000 46.000 391.000 392.000 225.000 50.000 491.000 398.000
122.000 55.000 388.000 400.000 219.000 51.000 487.000 400.000
133.000 45.000 402.000 408.000 230.000 52.000 500.000 401.000
135.000 72.000 379.000 392.000 212.000 43.000 493.000 409.000
150.000 58.000 393.000 387.000 217.000 46.000 492.000 408.000
130.000 52.000 396.000 394.000 224.000 57.000 490.000 395.000
161.000 89.000 376.000 375.000 213.000 43.000 479.000 398.000
133.000 49.000 389.000 384.000 214.000 43.000 487.000 404.000
133.000 49.000 389.000 384.000 214.000 43.000 487.000 404.000
119.000 38.000 393.000 413.000 207.000 27.000 502.000 421.000
129.000 50.000 391.000 394.000 211.000 32.000 495.000 413.000
130.000 37.000 403.000 407.000 235.000 54.000 494.000 387.000
125.000 42.000 392.000 405.000 234.000 51.000 494.000 390.000
125.000 53.000 370.000 370.000 224.000 49.000 484.000 385.000
133.000 46.000 397.000 394.000 219.000 45.000 491.000 402.000
144.000 81.000 387.000 396.000 229.000 46.000 500.000 398.000
131.000 38.000 406.000 407.000 231.000 57.000 492.000 396.000
140.000 70.000 381.000 391.000 220.000 44.000 493.000 398.000
134.000 55.000 392.000 391.000 217.000 54.000 496.000 413.000
140.000 61.000 397.000 393.000 232.000 58.000 488.000 394.000
212.000 124.000 366.000 325.000 229.000 49.000 496.000 397.000
126.000 55.000 372.000 379.000 221.000 53.000 481.000 403.000
123.000 40.000 394.000 417.000 250.000 81.000 485.000 383.000
127.000 59.000 373.000 382.000 230.000 51.000 490.000 386.000
135.000 65.000 393.000 397.000 219.000 37.000 489.000 389.000
122.000 50.000 382.000 395.000 227.000 56.000 495.000 405.000
134.000 58.000 388.000 404.000 230.000 52.000 491.000 401.000
142.000 52.000 396.000 394.000 234.000 53.000 497.000 395.000
143.000 54.000 397.000 396.000 227.000 52.000 500.000 405.000
146.000 64.000 393.000 381.000 233.000 59.000 498.000 403.000
144.000 63.000 399.000 400.000 233.000 60.000 497.000 399.000
144.000 53.000 394.000 389.000 236.000 59.000 495.000 399.000
142.000 49.000 398.000 396.000 232.000 57.000 495.000 403.000
143.000 70.000 390.000 391.000 206.000 42.000 498.000 426.000
137.000 56.000 397.000 402.000 234.000 59.000 490.000 393.000
144.000 63.000 396.000 388.000 236.000 59.000 494.000 395.000
126.000 46.000 392.000 408.000 232.000 58.000 490.000 387.000
127.000 44.000 398.000 406.000 223.000 57.000 490.000 400.000
138.000 53.000 388.000 392.000 228.000 53.000 498.000 405.000
129.000 48.000 393.000 403.000 232.000 57.000 487.000 389.000
124.000 52.000 397.000 390.000 233.000 64.000 487.000 391.000
131.000 53.000 392.000 399.000 226.000 74.000 468.000 397.000
126.000 72.000 386.000 418.000 232.000 75.000 473.000 401.000
135.000 68.000 380.000 383.000 221.000 48.000 491.000 401.000
148.000 80.000 382.000 382.000 227.000 50.000 499.000 399.000
120.000 41.000 380.000 401.000 228.000 56.000 485.000 387.000
141.000 85.000 373.000 387.000 232.000 51.000 491.000 394.000
153.000 86.000 367.000 363.000 234.000 51.000 490.000 389.000
126.000 51.000 387.000 396.000 221.000 51.000 480.000 389.000
137.000 56.000 395.000 390.000 220.000 50.000 480.000 397.000
129.000 54.000 398.000 406.000 214.000 48.000 484.000 404.000
123.000 31.000 412.000 429.000 216.000 52.000 479.000 389.000
127.000 56.000 379.000 407.000 223.000 66.000 491.000 411.000
120.000 31.000 399.000 415.000 227.000 53.000 484.000 396.000
122.000 52.000 373.000 376.000 230.000 48.000 502.000 402.000
125.000 45.000 394.000 410.000 232.000 59.000 484.000 385.000
103.000 46.000 384.000 411.000 231.000 51.000 499.000 397.000
100.000 24.000 392.000 421.000 225.000 50.000 492.000 395.000
133.000 51.000 384.000 384.000 235.000 58.000 490.000 390.000
118.000 31.000 397.000 383.000 228.000 52.000 489.000 393.000
114.000 39.000 398.000 409.000 224.000 46.000 497.000 403.000
122.000 49.000 377.000 397.000 228.000 51.000 491.000 392.000
133.000 52.000 389.000 389.000 227.000 61.000 477.000 381.000
124.000 45.000 388.000 388.000 226.000 52.000 492.000 397.000
112.000 29.000 399.000 393.000 226.000 54.000 493.000 395.000
123.000 46.000 387.000 392.000 231.000 54.000 480.000 372.000
125.000 45.000 393.000 394.000 221.000 44.000 496.000 404.000
125.000 32.000 405.000 402.000 225.000 47.000 492.000 392.000
134.000 63.000 381.000 389.000 210.000 44.000 484.000 402.000
139.000 56.000 383.000 378.000 223.000 41.000 481.000 388.000
113.000 36.000 384.000 408.000 224.000 39.000 500.000 397.000
108.000 34.000 393.000 413.000 210.000 43.000 492.000 404.000
128.000 46.000 383.000 391.000 209.000 35.000 501.000 416.000
131.000 62.000 383.000 398.000 205.000 36.000 505.000 424.000
122.000 44.000 386.000 388.000 214.000 41.000 488.000 397.000
122.000 40.000 395.000 398.000 215.000 33.000 499.000 404.000
122.000 40.000 395.000 398.000 215.000 33.000 499.000 404.000
111.000 49.000 380.000 385.000 222.000 42.000 496.000 398.000
111.000 49.000 380.000 385.000 222.000 42.000 496.000 398.000
104.000 43.000 378.000 412.000 221.000 34.000 496.000 390.000
105.000 30.000 391.000 408.000 221.000 40.000 499.000 396.000
114.000 33.000 394.000 392.000 218.000 51.000 462.000 363.000
123.000 42.000 388.000 377.000 216.000 36.000 485.000 396.000
138.000 63.000 384.000 385.000 219.000 48.000 466.000 359.000
119.000 29.000 388.000 385.000 217.000 43.000 493.000 403.000
118.000 45.000 384.000 394.000 211.000 37.000 486.000 405.000
139.000 68.000 384.000 386.000 209.000 42.000 489.000 397.000
109.000 39.000 411.000 419.000 220.000 50.000 483.000 399.000
104.000 35.000 393.000 408.000 214.000 58.000 491.000 416.000
