163.000 95.000 392.000 385.000 254.000 90.000 482.000 388.000
154.000 79.000 419.000 411.000 249.000 80.000 490.000 389.000
169.000 96.000 395.000 392.000 249.000 79.000 493.000 393.000
167.000 92.000 392.000 377.000 246.000 82.000 495.000 406.000
165.000 84.000 398.000 400.000 255.000 86.000 496.000 389.000
162.000 80.000 411.000 395.000 254.000 86.000 490.000 392.000
175.000 90.000 397.000 387.000 254.000 84.000 491.000 383.000
153.000 84.000 400.000 406.000 263.000 114.000 469.000 380.000
166.000 91.000 399.000 396.000 257.000 88.000 490.000 387.000
152.000 80.000 397.000 403.000 252.000 81.000 498.000 393.000
158.000 94.000 392.000 401.000 248.000 89.000 483.000 390.000
143.000 65.000 400.000 404.000 251.000 87.000 488.000 390.000
172.000 93.000 407.000 401.000 250.000 85.000 487.000 391.000
171.000 83.000 412.000 395.000 245.000 88.000 485.000 397.000
181.000 111.000 384.000 376.000 245.000 86.000 490.000 402.000
163.000 89.000 405.000 402.000 248.000 92.000 481.000 390.000
168.000 83.000 410.000 401.000 245.000 83.000 493.000 402.000
163.000 84.000 409.000 400.000 253.000 87.000 489.000 387.000
167.000 86.000 400.000 395.000 251.000 81.000 491.000 395.000
170.000 103.000 395.000 396.000 259.000 103.000 478.000 380.000
173.000 96.000 398.000 394.000 254.000 83.000 499.000 397.000
170.000 98.000 389.000 384.000 253.000 86.000 492.000 393.000
162.000 77.000 397.000 395.000 253.000 92.000 484.000 379.000
163.000 86.000 388.000 385.000 253.000 87.000 487.000 389.000
166.000 96.000 389.000 391.000 248.000 86.000 487.000 400.000
167.000 86.000 399.000 392.000 239.000 83.000 492.000 410.000
164.000 88.000 395.000 396.000 254.000 90.000 492.000 391.000
157.000 86.000 387.000 405.000 255.000 93.000 486.000 388.000
163.000 94.000 385.000 387.000 251.000 87.000 487.000 394.000
165.000 89.000 393.000 390.000 262.000 113.000 468.000 375.000
163.000 92.000 389.000 379.000 247.000 83.000 488.000 380.000
162.000 86.000 398.000 396.000 260.000 91.000 489.000 382.000
157.000 87.000 392.000 395.000 249.000 83.000 488.000 384.000
167.000 85.000 402.000 403.000 255.000 84.000 498.000 391.000
158.000 84.000 386.000 400.000 251.000 85.000 487.000 393.000
165.000 82.000 389.000 396.000 254.000 80.000 492.000 395.000
157.000 78.000 392.000 400.000 246.000 86.000 482.000 386.000
155.000 79.000 387.000 405.000 256.000 95.000 488.000 394.000
153.000 76.000 407.000 418.000 248.000 89.000 489.000 399.000
158.000 83.000 407.000 415.000 250.000 88.000 491.000 400.000
170.000 96.000 391.000 378.000 246.000 78.000 489.000 410.000
171.000 91.000 397.000 393.000 303.000 121.000 472.000 342.000
165.000 87.000 405.000 405.000 246.000 82.000 482.000 404.000
160.000 90.000 397.000 400.000 249.000 93.000 483.000 395.000
169.000 89.000 400.000 394.000 257.000 91.000 485.000 384.000
170.000 88.000 396.000 391.000 261.000 108.000 480.000 385.000
161.000 81.000 400.000 399.000 253.000 83.000 493.000 394.000
153.000 77.000 401.000 406.000 253.000 80.000 505.000 402.000
168.000 103.000 396.000 398.000 252.000 83.000 494.000 399.000
163.000 89.000 397.000 394.000 243.000 86.000 496.000 407.000
166.000 81.000 411.000 401.000 239.000 93.000 487.000 411.000
164.000 87.000 400.000 398.000 265.000 107.000 469.000 367.000
174.000 108.000 393.000 391.000 251.000 86.000 489.000 392.000
169.000 92.000 396.000 382.000 237.000 86.000 495.000 411.000
173.000 106.000 386.000 370.000 245.000 82.000 491.000 402.000
169.000 101.000 397.000 391.000 256.000 90.000 490.000 384.000
163.000 83.000 412.000 401.000 248.000 78.000 497.000 400.000
146.000 72.000 409.000 421.000 254.000 85.000 494.000 394.000
158.000 102.000 405.000 418.000 247.000 84.000 487.000 395.000
163.000 85.000 391.000 388.000 250.000 87.000 491.000 398.000
163.000 92.000 385.000 383.000 240.000 79.000 487.000 399.000
155.000 81.000 388.000 397.000 257.000 101.000 479.000 375.000
172.000 102.000 386.000 380.000 260.000 118.000 466.000 387.000
161.000 82.000 392.000 392.000 253.000 91.000 491.000 393.000
162.000 94.000 390.000 389.000 254.000 98.000 481.000 389.000
159.000 79.000 389.000 398.000 255.000 95.000 487.000 381.000
169.000 91.000 395.000 386.000 252.000 85.000 488.000 393.000
154.000 86.000 398.000 403.000 253.000 92.000 486.000 386.000
159.000 81.000 404.000 392.000 251.000 88.000 490.000 387.000
165.000 77.000 387.000 389.000 240.000 86.000 491.000 410.000
141.000 73.000 395.000 412.000 254.000 105.000 470.000 375.000
154.000 79.000 390.000 402.000 248.000 88.000 489.000 401.000
164.000 102.000 378.000 379.000 246.000 89.000 492.000 406.000
166.000 104.000 380.000 377.000 245.000 88.000 485.000 396.000
155.000 85.000 392.000 411.000 240.000 85.000 490.000 411.000
165.000 100.000 386.000 387.000 245.000 88.000 489.000 403.000
160.000 91.000 393.000 389.000 247.000 83.000 492.000 399.000
175.000 87.000 390.000 376.000 255.000 97.000 481.000 377.000
150.000 74.000 389.000 411.000 249.000 86.000 488.000 399.000
158.000 81.000 402.000 396.000 249.000 81.000 487.000 384.000
149.000 78.000 395.000 403.000 246.000 84.000 487.000 396.000
153.000 79.000 386.000 396.000 244.000 83.000 483.000 388.000
163.000 85.000 392.000 383.000 246.000 83.000 489.000 401.000
158.000 92.000 389.000 398.000 247.000 85.000 488.000 394.000
162.000 111.000 381.000 381.000 250.000 88.000 485.000 390.000
161.000 85.000 405.000 402.000 241.000 80.000 489.000 400.000
158.000 106.000 379.000 388.000 243.000 88.000 486.000 402.000
162.000 95.000 392.000 398.000 246.000 93.000 478.000 387.000
166.000 97.000 393.000 395.000 245.000 83.000 487.000 391.000
157.000 81.000 402.000 407.000 239.000 77.000 493.000 404.000
163.000 86.000 391.000 382.000 239.000 77.000 488.000 398.000
163.000 87.000 396.000 395.000 250.000 88.000 480.000 381.000
158.000 81.000 401.000 399.000 250.000 87.000 485.000 391.000
179.000 95.000 390.000 372.000 243.000 83.000 485.000 395.000
171.000 82.000 386.000 376.000 253.000 92.000 483.000 380.000
135.000 85.000 379.000 396.000 252.000 85.000 489.000 388.000
151.000 74.000 388.000 392.000 246.000 79.000 488.000 389.000
166.000 77.000 410.000 397.000 244.000 85.000 491.000 409.000
157.000 77.000 389.000 397.000 241.000 84.000 496.000 407.000
161.000 91.000 367.000 357.000 255.000 76.000 488.000 378.000
162.000 85.000 394.000 391.000 257.000 99.000 487.000 399.000
159.000 73.000 405.000 399.000 255.000 80.000 493.000 389.000
151.000 73.000 392.000 390.000 248.000 81.000 489.000 385.000
169.000 93.000 393.000 382.000 251.000 83.000 486.000 379.000
163.000 89.000 390.000 382.000 246.000 81.000 489.000 395.000
155.000 78.000 395.000 397.000 248.000 80.000 484.000 385.000
167.000 93.000 391.000 383.000 254.000 77.000 488.000 382.000
165.000 99.000 392.000 386.000 239.000 70.000 487.000 391.000
159.000 81.000 386.000 390.000 240.000 72.000 491.000 396.000
155.000 76.000 392.000 392.000 242.000 82.000 480.000 392.000
152.000 80.000 393.000 395.000 241.000 82.000 476.000 377.000
148.000 73.000 383.000 399.000 246.000 82.000 488.000 391.000
148.000 73.000 383.000 399.000 246.000 82.000 488.000 391.000
141.000 78.000 398.000 406.000 244.000 83.000 478.000 381.000
163.000 89.000 385.000 385.000 249.000 77.000 487.000 383.000
155.000 73.000 381.000 382.000 240.000 74.000 486.000 385.000
151.000 82.000 388.000 396.000 238.000 79.000 482.000 391.000
149.000 75.000 393.000 393.000 251.000 82.000 487.000 383.000
158.000 76.000 398.000 388.000 249.000 84.000 480.000 377.000
160.000 85.000 389.000 382.000 243.000 82.000 482.000 386.000
142.000 64.000 395.000 409.000 240.000 73.000 488.000 393.000
156.000 71.000 399.000 394.000 238.000 76.000 476.000 378.000
162.000 93.000 401.000 396.000 243.000 74.000 493.000 393.000
159.000 87.000 388.000 385.000 243.000 76.000 489.000 390.000
154.000 74.000 399.000 393.000 236.000 89.000 465.000 368.000
161.000 94.000 393.000 386.000 252.000 80.000 488.000 381.000
167.000 81.000 389.000 367.000 248.000 79.000 488.000 389.000
147.000 70.000 398.000 391.000 251.000 76.000 492.000 385.000
159.000 82.000 388.000 385.000 246.000 77.000 481.000 381.000
155.000 77.000 400.000 395.000 245.000 73.000 491.000 386.000
135.000 62.000 382.000 394.000 253.000 86.000 479.000 373.000
162.000 79.000 389.000 394.000 248.000 77.000 490.000 386.000
161.000 79.000 397.000 387.000 254.000 90.000 479.000 375.000
166.000 78.000 402.000 381.000 251.000 91.000 480.000 388.000
170.000 101.000 380.000 377.000 247.000 77.000 488.000 385.000
154.000 72.000 408.000 400.000 252.000 84.000 484.000 381.000
156.000 81.000 373.000 374.000 255.000 81.000 490.000 383.000
161.000 72.000 409.000 398.000 251.000 85.000 485.000 386.000
169.000 94.000 387.000 380.000 249.000 86.000 480.000 392.000
168.000 82.000 399.000 391.000 250.000 88.000 477.000 378.000
163.000 88.000 396.000 394.000 255.000 93.000 490.000 399.000
162.000 81.000 395.000 384.000 251.000 91.000 484.000 394.000
157.000 70.000 392.000 386.000 256.000 93.000 477.000 376.000
159.000 87.000 393.000 396.000 242.000 78.000 488.000 400.000
149.000 71.000 400.000 405.000 246.000 73.000 494.000 394.000
154.000 70.000 399.000 397.000 249.000 84.000 490.000 395.000
159.000 90.000 391.000 397.000 250.000 93.000 475.000 377.000
165.000 84.000 388.000 380.000 255.000 97.000 470.000 369.000
161.000 79.000 391.000 389.000 248.000 81.000 485.000 386.000
159.000 85.000 398.000 394.000 237.000 71.000 480.000 380.000
158.000 96.000 403.000 405.000 240.000 81.000 470.000 367.000
144.000 68.000 388.000 383.000 240.000 79.000 476.000 375.000
152.000 90.000 405.000 419.000 246.000 82.000 487.000 390.000
154.000 73.000 402.000 399.000 247.000 71.000 488.000 384.000
154.000 75.000 388.000 380.000 243.000 70.000 487.000 385.000
149.000 68.000 395.000 393.000 236.000 72.000 488.000 400.000
162.000 84.000 395.000 392.000 238.000 78.000 489.000 404.000
156.000 80.000 392.000 376.000 246.000 82.000 476.000 381.000
145.000 82.000 380.000 393.000 240.000 76.000 485.000 388.000
157.000 91.000 371.000 378.000 242.000 81.000 475.000 377.000
152.000 80.000 379.000 372.000 241.000 79.000 478.000 384.000
153.000 89.000 378.000 380.000 224.000 80.000 470.000 394.000
140.000 76.000 383.000 397.000 232.000 75.000 476.000 389.000
152.000 80.000 387.000 386.000 242.000 79.000 482.000 379.000
138.000 78.000 374.000 391.000 227.000 81.000 469.000 397.000
139.000 72.000 385.000 392.000 232.000 77.000 476.000 395.000
154.000 74.000 393.000 382.000 248.000 79.000 487.000 383.000
158.000 82.000 387.000 385.000 238.000 68.000 489.000 391.000
150.000 77.000 385.000 396.000 246.000 82.000 482.000 387.000
150.000 72.000 394.000 396.000 233.000 61.000 488.000 396.000
153.000 84.000 391.000 383.000 242.000 79.000 480.000 381.000
153.000 80.000 391.000 385.000 240.000 85.000 477.000 389.000
150.000 74.000 402.000 406.000 242.000 79.000 483.000 385.000
153.000 79.000 387.000 390.000 239.000 73.000 489.000 396.000
142.000 68.000 388.000 406.000 244.000 76.000 489.000 392.000
142.000 68.000 388.000 406.000 244.000 76.000 489.000 392.000
156.000 80.000 398.000 392.000 247.000 81.000 485.000 387.000
153.000 75.000 404.000 398.000 247.000 75.000 491.000 394.000
153.000 84.000 388.000 384.000 238.000 79.000 484.000 397.000
153.000 71.000 405.000 389.000 238.000 65.000 496.000 403.000
145.000 70.000 392.000 393.000 248.000 77.000 487.000 382.000
148.000 70.000 394.000 398.000 236.000 72.000 486.000 395.000
137.000 77.000 381.000 388.000 236.000 70.000 480.000 387.000
133.000 63.000 393.000 404.000 232.000 68.000 487.000 393.000
150.000 78.000 385.000 381.000 235.000 69.000 487.000 397.000
153.000 72.000 384.000 374.000 232.000 76.000 468.000 374.000
158.000 80.000 386.000 374.000 230.000 70.000 477.000 379.000
130.000 68.000 377.000 395.000 235.000 73.000 479.000 386.000
136.000 65.000 391.000 402.000 222.000 58.000 482.000 371.000
141.000 74.000 386.000 390.000 236.000 76.000 475.000 380.000
135.000 63.000 387.000 401.000 233.000 77.000 483.000 397.000
146.000 63.000 392.000 395.000 227.000 65.000 486.000 395.000
147.000 64.000 393.000 392.000 222.000 61.000 485.000 394.000
141.000 69.000 390.000 386.000 229.000 72.000 469.000 370.000
140.000 62.000 381.000 387.000 238.000 65.000 481.000 375.000
154.000 71.000 379.000 368.000 224.000 64.000 476.000 385.000
140.000 65.000 376.000 388.000 228.000 72.000 470.000 379.000
136.000 72.000 383.000 394.000 229.000 70.000 479.000 393.000
140.000 63.000 391.000 385.000 231.000 70.000 473.000 377.000
143.000 67.000 385.000 382.000 240.000 68.000 483.000 371.000
155.000 77.000 389.000 375.000 226.000 69.000 486.000 405.000
157.000 84.000 377.000 363.000 231.000 76.000 467.000 379.000
142.000 59.000 388.000 392.000 243.000 82.000 474.000 377.000
123.000 66.000 379.000 394.000 232.000 71.000 485.000 403.000
157.000 83.000 377.000 364.000 238.000 84.000 469.000 379.000
147.000 70.000 389.000 399.000 241.000 105.000 455.000 384.000
141.000 62.000 389.000 397.000 234.000 79.000 468.000 385.000
141.000 73.000 390.000 386.000 232.000 80.000 467.000 380.000
166.000 106.000 360.000 357.000 224.000 65.000 477.000 388.000
148.000 70.000 378.000 381.000 222.000 63.000 477.000 393.000
148.000 70.000 378.000 381.000 222.000 63.000 477.000 393.000
162.000 104.000 364.000 362.000 227.000 74.000 476.000 394.000
143.000 68.000 393.000 397.000 223.000 61.000 478.000 387.000
160.000 98.000 363.000 355.000 226.000 72.000 481.000 403.000
165.000 102.000 365.000 357.000 227.000 71.000 473.000 382.000
122.000 60.000 383.000 389.000 218.000 75.000 467.000 398.000
134.000 74.000 379.000 393.000 225.000 66.000 475.000 385.000
140.000 67.000 383.000 399.000 233.000 80.000 473.000 388.000
136.000 84.000 367.000 376.000 232.000 77.000 471.000 387.000
136.000 70.000 401.000 411.000 237.000 76.000 475.000 383.000
119.000 62.000 385.000 399.000 219.000 59.000 464.000 380.000
152.000 69.000 392.000 387.000 234.000 76.000 476.000 392.000
153.000 82.000 383.000 383.000 231.000 72.000 474.000 384.000
136.000 79.000 369.000 386.000 232.000 85.000 456.000 369.000
136.000 76.000 371.000 381.000 227.000 70.000 475.000 384.000
170.000 93.000 374.000 357.000 236.000 68.000 481.000 378.000
152.000 78.000 391.000 394.000 230.000 75.000 483.000 400.000
155.000 76.000 383.000 384.000 231.000 75.000 471.000 375.000
159.000 78.000 387.000 380.000 237.000 71.000 483.000 381.000
164.000 93.000 369.000 347.000 233.000 72.000 477.000 384.000
157.000 76.000 387.000 378.000 234.000 79.000 469.000 374.000
147.000 74.000 390.000 383.000 239.000 73.000 477.000 379.000
155.000 81.000 388.000 376.000 233.000 77.000 483.000 397.000
154.000 79.000 386.000 375.000 243.000 81.000 471.000 381.000
158.000 90.000 376.000 370.000 248.000 83.000 482.000 378.000
154.000 79.000 390.000 386.000 236.000 72.000 484.000 393.000
135.000 66.000 383.000 404.000 242.000 83.000 477.000 382.000
144.000 64.000 391.000 407.000 246.000 83.000 476.000 379.000
156.000 80.000 384.000 383.000 238.000 77.000 482.000 395.000
151.000 77.000 393.000 385.000 232.000 78.000 478.000 396.000
140.000 65.000 384.000 395.000 243.000 80.000 477.000 379.000
144.000 62.000 393.000 403.000 249.000 89.000 473.000 369.000
156.000 78.000 388.000 385.000 229.000 60.000 484.000 384.000
159.000 82.000 386.000 382.000 239.000 79.000 467.000 380.000
153.000 89.000 391.000 387.000 232.000 85.000 463.000 385.000
159.000 80.000 380.000 371.000 224.000 65.000 476.000 395.000
152.000 87.000 379.000 385.000 221.000 58.000 476.000 396.000
158.000 104.000 371.000 370.000 244.000 95.000 446.000 351.000
161.000 84.000 385.000 380.000 236.000 83.000 467.000 381.000
153.000 95.000 374.000 390.000 233.000 86.000 464.000 391.000
151.000 82.000 395.000 395.000 237.000 90.000 448.000 364.000
141.000 74.000 384.000 375.000 218.000 71.000 470.000 400.000
177.000 109.000 370.000 363.000 235.000 79.000 471.000 383.000
168.000 99.000 375.000 373.000 232.000 74.000 479.000 403.000
140.000 79.000 381.000 387.000 243.000 83.000 468.000 377.000
143.000 73.000 377.000 373.000 229.000 74.000 472.000 389.000
156.000 91.000 375.000 383.000 247.000 89.000 471.000 374.000
154.000 87.000 381.000 387.000 244.000 84.000 473.000 365.000
173.000 118.000 364.000 370.000 241.000 89.000 465.000 375.000
156.000 89.000 374.000 367.000 228.000 77.000 469.000 394.000
162.000 96.000 374.000 376.000 251.000 90.000 467.000 357.000
159.000 84.000 383.000 374.000 243.000 83.000 472.000 371.000
174.000 91.000 376.000 356.000 230.000 72.000 465.000 376.000
146.000 89.000 387.000 392.000 246.000 83.000 464.000 372.000
156.000 106.000 368.000 367.000 243.000 84.000 465.000 365.000
156.000 85.000 380.000 377.000 247.000 89.000 467.000 371.000
156.000 79.000 388.000 391.000 245.000 92.000 458.000 368.000
162.000 83.000 390.000 383.000 226.000 68.000 476.000 399.000
153.000 80.000 381.000 385.000 224.000 69.000 466.000 384.000
157.000 75.000 388.000 375.000 212.000 50.000 465.000 369.000
148.000 75.000 393.000 388.000 236.000 81.000 470.000 379.000
155.000 79.000 386.000 382.000 244.000 76.000 477.000 385.000
147.000 74.000 385.000 386.000 251.000 89.000 467.000 366.000
148.000 85.000 385.000 385.000 223.000 58.000 481.000 394.000
149.000 82.000 374.000 386.000 246.000 78.000 475.000 369.000
146.000 90.000 362.000 375.000 224.000 70.000 475.000 388.000
146.000 73.000 389.000 390.000 230.000 74.000 482.000 396.000
185.000 118.000 376.000 371.000 232.000 75.000 477.000 393.000
156.000 92.000 374.000 378.000 232.000 77.000 473.000 391.000
148.000 79.000 378.000 373.000 235.000 81.000 470.000 386.000
149.000 83.000 390.000 390.000 225.000 74.000 466.000 392.000
153.000 85.000 374.000 385.000 231.000 85.000 469.000 383.000
127.000 75.000 367.000 391.000 234.000 105.000 447.000 388.000
136.000 69.000 374.000 365.000 204.000 57.000 480.000 417.000
138.000 74.000 377.000 384.000 235.000 91.000 472.000 398.000
145.000 78.000 386.000 394.000 211.000 64.000 465.000 399.000
145.000 83.000 382.000 392.000 237.000 100.000 451.000 382.000
140.000 73.000 383.000 387.000 237.000 104.000 448.000 380.000
135.000 70.000 385.000 392.000 217.000 68.000 476.000 414.000
124.000 64.000 380.000 381.000 219.000 69.000 475.000 409.000
112.000 73.000 384.000 418.000 213.000 65.000 469.000 409.000
143.000 76.000 375.000 383.000 230.000 76.000 465.000 385.000
138.000 76.000 373.000 381.000 222.000 76.000 476.000 397.000
128.000 76.000 373.000 398.000 216.000 75.000 459.000 392.000
138.000 70.000 381.000 400.000 228.000 80.000 464.000 379.000
137.000 77.000 377.000 394.000 217.000 77.000 465.000 398.000
138.000 73.000 378.000 394.000 217.000 71.000 478.000 403.000
124.000 73.000 375.000 401.000 215.000 61.000 477.000 407.000
139.000 74.000 373.000 385.000 227.000 75.000 470.000 387.000
137.000 70.000 371.000 389.000 229.000 72.000 468.000 393.000
