195.000 115.000 398.000 372.000 269.000 126.000 464.000 375.000
206.000 124.000 393.000 359.000 274.000 120.000 464.000 361.000
192.000 123.000 385.000 375.000 266.000 121.000 458.000 362.000
204.000 125.000 382.000 361.000 280.000 122.000 465.000 361.000
198.000 117.000 386.000 363.000 265.000 121.000 460.000 369.000
197.000 135.000 370.000 361.000 267.000 124.000 463.000 373.000
204.000 122.000 390.000 365.000 272.000 124.000 466.000 368.000
190.000 114.000 392.000 373.000 272.000 117.000 463.000 365.000
202.000 121.000 384.000 361.000 281.000 122.000 469.000 358.000
199.000 119.000 385.000 362.000 269.000 118.000 461.000 363.000
199.000 119.000 385.000 362.000 269.000 118.000 461.000 363.000
201.000 125.000 383.000 362.000 268.000 120.000 466.000 371.000
203.000 117.000 393.000 362.000 277.000 118.000 472.000 364.000
203.000 117.000 393.000 362.000 277.000 118.000 472.000 364.000
199.000 116.000 395.000 369.000 265.000 117.000 459.000 365.000
200.000 114.000 390.000 364.000 275.000 132.000 450.000 353.000
199.000 123.000 384.000 361.000 269.000 121.000 457.000 359.000
199.000 123.000 384.000 361.000 269.000 121.000 457.000 359.000
197.000 124.000 381.000 365.000 273.000 124.000 449.000 359.000
194.000 124.000 376.000 367.000 265.000 117.000 463.000 372.000
200.000 130.000 377.000 362.000 272.000 122.000 458.000 358.000
196.000 120.000 382.000 366.000 265.000 119.000 467.000 379.000
202.000 129.000 377.000 361.000 273.000 125.000 456.000 353.000
200.000 124.000 386.000 363.000 276.000 124.000 459.000 355.000
197.000 120.000 384.000 366.000 273.000 123.000 458.000 364.000
198.000 120.000 390.000 372.000 270.000 124.000 463.000 367.000
199.000 120.000 391.000 363.000 270.000 121.000 470.000 372.000
201.000 133.000 374.000 355.000 262.000 116.000 448.000 369.000
195.000 116.000 381.000 368.000 260.000 117.000 455.000 373.000
197.000 125.000 377.000 368.000 267.000 123.000 459.000 363.000
204.000 118.000 383.000 359.000 269.000 123.000 460.000 363.000
201.000 129.000 379.000 360.000 272.000 120.000 452.000 359.000
187.000 114.000 393.000 379.000 266.000 120.000 466.000 371.000
192.000 123.000 378.000 368.000 250.000 105.000 455.000 370.000
205.000 129.000 376.000 356.000 260.000 115.000 453.000 376.000
198.000 126.000 379.000 364.000 267.000 118.000 448.000 364.000
184.000 112.000 373.000 372.000 253.000 109.000 454.000 368.000
192.000 121.000 383.000 368.000 265.000 118.000 448.000 365.000
191.000 112.000 396.000 378.000 267.000 117.000 459.000 366.000
186.000 118.000 376.000 370.000 262.000 113.000 458.000 375.000
199.000 127.000 378.000 361.000 262.000 119.000 451.000 367.000
186.000 111.000 383.000 374.000 256.000 114.000 452.000 378.000
248.000 168.000 353.000 311.000 262.000 116.000 449.000 374.000
184.000 110.000 389.000 390.000 261.000 120.000 451.000 370.000
186.000 122.000 372.000 375.000 264.000 115.000 451.000 365.000
206.000 128.000 377.000 351.000 271.000 120.000 459.000 362.000
209.000 134.000 338.000 297.000 269.000 119.000 454.000 362.000
193.000 120.000 374.000 368.000 262.000 119.000 447.000 369.000
197.000 124.000 384.000 364.000 258.000 115.000 454.000 377.000
188.000 115.000 376.000 368.000 268.000 122.000 465.000 371.000
195.000 111.000 386.000 359.000 265.000 120.000 457.000 363.000
192.000 115.000 379.000 372.000 266.000 123.000 456.000 368.000
194.000 122.000 378.000 366.000 271.000 122.000 457.000 360.000
193.000 117.000 387.000 368.000 263.000 122.000 460.000 373.000
191.000 119.000 388.000 368.000 275.000 132.000 451.000 359.000
190.000 121.000 381.000 367.000 270.000 122.000 457.000 362.000
202.000 125.000 380.000 357.000 269.000 126.000 447.000 348.000
195.000 112.000 385.000 369.000 266.000 116.000 464.000 370.000
193.000 119.000 380.000 352.000 264.000 124.000 453.000 365.000
201.000 123.000 371.000 349.000 266.000 122.000 457.000 365.000
192.000 119.000 381.000 361.000 272.000 121.000 457.000 352.000
192.000 119.000 381.000 361.000 272.000 121.000 457.000 352.000
189.000 121.000 374.000 371.000 272.000 125.000 453.000 355.000
196.000 118.000 386.000 364.000 273.000 122.000 456.000 350.000
194.000 118.000 392.000 371.000 269.000 121.000 455.000 357.000
190.000 114.000 384.000 362.000 260.000 117.000 458.000 372.000
201.000 123.000 377.000 357.000 268.000 121.000 456.000 360.000
201.000 116.000 388.000 366.000 267.000 121.000 456.000 364.000
197.000 120.000 374.000 352.000 270.000 119.000 465.000 367.000
197.000 118.000 383.000 366.000 265.000 118.000 459.000 369.000
182.000 107.000 376.000 375.000 269.000 119.000 453.000 365.000
196.000 123.000 375.000 353.000 266.000 116.000 456.000 365.000
215.000 144.000 350.000 314.000 263.000 117.000 461.000 371.000
194.000 121.000 378.000 361.000 264.000 122.000 458.000 369.000
191.000 121.000 383.000 368.000 263.000 120.000 457.000 371.000
186.000 113.000 375.000 366.000 263.000 120.000 457.000 367.000
194.000 126.000 376.000 363.000 256.000 118.000 454.000 373.000
200.000 131.000 379.000 363.000 265.000 120.000 456.000 363.000
197.000 119.000 383.000 364.000 264.000 118.000 460.000 368.000
199.000 125.000 381.000 358.000 258.000 119.000 454.000 372.000
197.000 122.000 384.000 366.000 260.000 119.000 456.000 369.000
196.000 123.000 388.000 372.000 262.000 120.000 455.000 366.000
188.000 114.000 381.000 369.000 255.000 120.000 456.000 378.000
192.000 121.000 379.000 355.000 256.000 121.000 454.000 374.000
218.000 140.000 366.000 334.000 264.000 123.000 456.000 371.000
193.000 116.000 390.000 371.000 256.000 121.000 454.000 374.000
179.000 118.000 378.000 376.000 259.000 121.000 454.000 372.000
230.000 149.000 374.000 336.000 258.000 122.000 455.000 377.000
201.000 146.000 355.000 342.000 260.000 117.000 459.000 372.000
217.000 142.000 377.000 352.000 263.000 123.000 458.000 371.000
199.000 129.000 378.000 360.000 262.000 122.000 452.000 370.000
192.000 128.000 371.000 361.000 267.000 126.000 445.000 357.000
193.000 117.000 384.000 368.000 255.000 120.000 458.000 378.000
190.000 118.000 371.000 358.000 262.000 119.000 462.000 372.000
193.000 126.000 379.000 368.000 259.000 120.000 454.000 371.000
212.000 143.000 357.000 325.000 264.000 129.000 453.000 366.000
195.000 128.000 379.000 365.000 257.000 120.000 464.000 384.000
195.000 124.000 375.000 359.000 261.000 118.000 460.000 370.000
188.000 124.000 380.000 370.000 263.000 128.000 454.000 376.000
188.000 123.000 379.000 369.000 264.000 124.000 452.000 368.000
182.000 136.000 380.000 393.000 260.000 126.000 452.000 368.000
191.000 127.000 369.000 362.000 262.000 119.000 454.000 365.000
184.000 119.000 390.000 383.000 262.000 114.000 462.000 368.000
192.000 126.000 383.000 368.000 263.000 130.000 443.000 359.000
193.000 126.000 380.000 367.000 256.000 118.000 454.000 375.000
185.000 119.000 390.000 383.000 261.000 120.000 455.000 366.000
201.000 123.000 383.000 362.000 257.000 122.000 458.000 379.000
188.000 122.000 375.000 363.000 260.000 118.000 460.000 375.000
191.000 123.000 383.000 374.000 257.000 119.000 456.000 377.000
201.000 136.000 374.000 360.000 260.000 118.000 464.000 381.000
193.000 122.000 389.000 370.000 261.000 120.000 448.000 375.000
192.000 127.000 374.000 362.000 260.000 120.000 457.000 368.000
203.000 128.000 376.000 354.000 264.000 119.000 462.000 371.000
198.000 125.000 377.000 365.000 260.000 121.000 459.000 374.000
198.000 123.000 380.000 359.000 263.000 129.000 455.000 372.000
194.000 130.000 371.000 357.000 262.000 128.000 458.000 376.000
192.000 127.000 372.000 360.000 262.000 117.000 464.000 374.000
196.000 129.000 377.000 358.000 261.000 130.000 452.000 375.000
196.000 130.000 381.000 364.000 264.000 128.000 452.000 371.000
199.000 132.000 380.000 359.000 264.000 118.000 463.000 372.000
192.000 121.000 394.000 381.000 261.000 121.000 460.000 371.000
202.000 132.000 376.000 358.000 267.000 136.000 452.000 373.000
195.000 129.000 372.000 361.000 260.000 120.000 461.000 380.000
189.000 120.000 375.000 371.000 261.000 125.000 461.000 378.000
201.000 127.000 382.000 367.000 263.000 123.000 448.000 368.000
193.000 120.000 387.000 370.000 263.000 125.000 456.000 375.000
194.000 126.000 373.000 367.000 258.000 124.000 454.000 377.000
185.000 116.000 378.000 375.000 253.000 118.000 455.000 377.000
200.000 128.000 373.000 353.000 257.000 118.000 455.000 377.000
201.000 138.000 371.000 354.000 260.000 121.000 457.000 370.000
187.000 121.000 376.000 372.000 265.000 129.000 451.000 368.000
183.000 122.000 380.000 376.000 261.000 122.000 463.000 372.000
190.000 127.000 380.000 372.000 261.000 128.000 445.000 363.000
183.000 112.000 383.000 376.000 260.000 120.000 457.000 369.000
183.000 115.000 371.000 370.000 259.000 122.000 453.000 368.000
187.000 123.000 382.000 374.000 262.000 125.000 466.000 386.000
194.000 126.000 377.000 365.000 264.000 129.000 450.000 368.000
183.000 127.000 385.000 382.000 255.000 115.000 461.000 379.000
184.000 118.000 380.000 375.000 263.000 128.000 450.000 371.000
178.000 117.000 363.000 371.000 274.000 138.000 444.000 354.000
181.000 115.000 367.000 370.000 255.000 117.000 455.000 376.000
181.000 115.000 367.000 370.000 255.000 117.000 455.000 376.000
195.000 128.000 374.000 368.000 261.000 125.000 451.000 367.000
199.000 118.000 383.000 353.000 259.000 124.000 455.000 377.000
193.000 125.000 375.000 367.000 272.000 139.000 448.000 359.000
182.000 113.000 372.000 369.000 247.000 106.000 455.000 375.000
191.000 128.000 370.000 361.000 262.000 124.000 453.000 373.000
192.000 125.000 381.000 366.000 258.000 120.000 457.000 378.000
195.000 125.000 374.000 366.000 258.000 122.000 459.000 379.000
198.000 134.000 367.000 358.000 263.000 131.000 454.000 374.000
200.000 127.000 388.000 370.000 274.000 136.000 450.000 359.000
191.000 123.000 374.000 363.000 284.000 142.000 448.000 352.000
191.000 127.000 369.000 361.000 276.000 146.000 447.000 357.000
191.000 127.000 369.000 361.000 276.000 146.000 447.000 357.000
196.000 126.000 381.000 371.000 258.000 120.000 456.000 377.000
197.000 135.000 379.000 366.000 261.000 119.000 461.000 379.000
193.000 124.000 374.000 366.000 257.000 122.000 452.000 371.000
191.000 123.000 378.000 369.000 265.000 127.000 451.000 369.000
207.000 141.000 364.000 347.000 263.000 130.000 451.000 367.000
192.000 121.000 381.000 378.000 260.000 119.000 460.000 378.000
192.000 120.000 379.000 368.000 257.000 124.000 455.000 375.000
180.000 120.000 371.000 379.000 263.000 125.000 452.000 371.000
180.000 120.000 371.000 379.000 263.000 125.000 452.000 371.000
195.000 128.000 376.000 365.000 261.000 120.000 454.000 369.000
194.000 124.000 377.000 368.000 260.000 117.000 462.000 370.000
194.000 124.000 377.000 368.000 260.000 117.000 462.000 370.000
181.000 113.000 376.000 378.000 258.000 119.000 461.000 375.000
188.000 122.000 376.000 371.000 258.000 120.000 460.000 373.000
179.000 117.000 372.000 384.000 260.000 122.000 461.000 378.000
198.000 137.000 370.000 357.000 263.000 128.000 452.000 370.000
191.000 124.000 377.000 371.000 259.000 121.000 464.000 384.000
194.000 135.000 373.000 365.000 258.000 117.000 452.000 376.000
183.000 117.000 368.000 371.000 262.000 120.000 456.000 371.000
187.000 120.000 373.000 374.000 258.000 130.000 450.000 376.000
182.000 122.000 364.000 371.000 267.000 134.000 454.000 375.000
190.000 130.000 364.000 366.000 267.000 138.000 448.000 371.000
181.000 118.000 367.000 370.000 259.000 123.000 455.000 366.000
203.000 140.000 367.000 341.000 258.000 129.000 455.000 375.000
203.000 132.000 372.000 334.000 264.000 122.000 451.000 375.000
183.000 116.000 372.000 373.000 258.000 119.000 455.000 367.000
202.000 129.000 375.000 359.000 260.000 127.000 456.000 369.000
184.000 117.000 371.000 378.000 258.000 121.000 458.000 371.000
178.000 118.000 362.000 374.000 263.000 126.000 454.000 365.000
196.000 121.000 381.000 369.000 258.000 117.000 462.000 375.000
189.000 121.000 372.000 372.000 264.000 125.000 464.000 373.000
198.000 130.000 372.000 365.000 254.000 121.000 456.000 384.000
188.000 115.000 380.000 372.000 255.000 118.000 456.000 383.000
187.000 126.000 368.000 375.000 265.000 127.000 452.000 363.000
189.000 122.000 371.000 374.000 256.000 123.000 454.000 373.000
183.000 122.000 383.000 387.000 257.000 122.000 458.000 382.000
196.000 141.000 373.000 376.000 263.000 128.000 455.000 369.000
207.000 140.000 363.000 342.000 277.000 141.000 446.000 364.000
176.000 114.000 364.000 374.000 279.000 145.000 443.000 358.000
183.000 121.000 365.000 373.000 258.000 129.000 449.000 368.000
185.000 137.000 360.000 371.000 264.000 125.000 450.000 361.000
178.000 116.000 369.000 379.000 260.000 122.000 454.000 371.000
186.000 116.000 373.000 372.000 262.000 122.000 450.000 365.000
180.000 118.000 364.000 375.000 258.000 122.000 454.000 372.000
195.000 131.000 374.000 373.000 258.000 119.000 460.000 374.000
192.000 130.000 373.000 368.000 260.000 121.000 453.000 368.000
192.000 130.000 373.000 368.000 260.000 121.000 453.000 368.000
186.000 122.000 376.000 364.000 259.000 122.000 456.000 369.000
188.000 125.000 379.000 368.000 261.000 123.000 450.000 363.000
188.000 127.000 368.000 374.000 258.000 132.000 445.000 370.000
185.000 120.000 377.000 366.000 257.000 119.000 455.000 371.000
185.000 117.000 372.000 355.000 259.000 123.000 452.000 368.000
179.000 121.000 366.000 360.000 261.000 116.000 458.000 365.000
186.000 121.000 384.000 376.000 258.000 121.000 452.000 371.000
188.000 121.000 381.000 370.000 257.000 124.000 449.000 371.000
191.000 129.000 368.000 366.000 261.000 129.000 449.000 371.000
194.000 129.000 381.000 365.000 254.000 118.000 462.000 384.000
180.000 114.000 380.000 376.000 260.000 122.000 451.000 366.000
184.000 114.000 379.000 373.000 262.000 125.000 451.000 368.000
180.000 116.000 367.000 376.000 265.000 133.000 452.000 372.000
184.000 119.000 365.000 363.000 260.000 126.000 447.000 363.000
186.000 118.000 381.000 372.000 261.000 122.000 455.000 368.000
184.000 113.000 368.000 368.000 254.000 119.000 453.000 376.000
185.000 122.000 370.000 372.000 265.000 139.000 449.000 376.000
189.000 121.000 378.000 368.000 266.000 135.000 443.000 363.000
190.000 123.000 373.000 365.000 271.000 144.000 440.000 362.000
186.000 128.000 367.000 370.000 232.000 97.000 445.000 370.000
184.000 126.000 362.000 363.000 257.000 119.000 457.000 371.000
189.000 136.000 366.000 367.000 261.000 122.000 452.000 365.000
184.000 127.000 371.000 368.000 265.000 142.000 437.000 370.000
195.000 144.000 360.000 361.000 251.000 122.000 452.000 377.000
192.000 131.000 362.000 356.000 253.000 120.000 456.000 384.000
184.000 117.000 381.000 376.000 250.000 117.000 452.000 380.000
191.000 126.000 381.000 366.000 242.000 101.000 444.000 363.000
188.000 125.000 371.000 366.000 260.000 125.000 445.000 360.000
180.000 114.000 377.000 363.000 250.000 121.000 450.000 375.000
192.000 125.000 373.000 370.000 259.000 117.000 453.000 373.000
186.000 112.000 379.000 373.000 255.000 118.000 451.000 372.000
184.000 136.000 365.000 362.000 254.000 117.000 459.000 378.000
185.000 117.000 380.000 379.000 257.000 116.000 457.000 369.000
182.000 120.000 374.000 360.000 253.000 118.000 453.000 378.000
179.000 122.000 365.000 374.000 258.000 122.000 455.000 376.000
180.000 110.000 382.000 373.000 258.000 124.000 460.000 382.000
187.000 120.000 373.000 364.000 255.000 121.000 448.000 362.000
180.000 128.000 378.000 385.000 255.000 117.000 460.000 379.000
206.000 142.000 364.000 349.000 253.000 116.000 460.000 381.000
175.000 115.000 379.000 374.000 254.000 131.000 450.000 380.000
179.000 119.000 372.000 362.000 255.000 130.000 449.000 377.000
175.000 118.000 371.000 362.000 252.000 119.000 456.000 379.000
170.000 109.000 373.000 368.000 260.000 136.000 444.000 371.000
177.000 115.000 382.000 379.000 245.000 116.000 450.000 380.000
181.000 117.000 381.000 375.000 254.000 125.000 448.000 373.000
170.000 108.000 377.000 373.000 256.000 121.000 449.000 370.000
170.000 108.000 377.000 373.000 256.000 121.000 449.000 370.000
177.000 111.000 388.000 382.000 260.000 131.000 445.000 368.000
173.000 116.000 369.000 358.000 252.000 118.000 453.000 381.000
174.000 110.000 372.000 354.000 251.000 116.000 454.000 379.000
194.000 128.000 371.000 358.000 252.000 117.000 453.000 382.000
176.000 119.000 366.000 376.000 257.000 124.000 450.000 371.000
189.000 132.000 366.000 359.000 247.000 116.000 455.000 374.000
175.000 115.000 374.000 362.000 249.000 115.000 458.000 383.000
181.000 123.000 367.000 368.000 253.000 117.000 461.000 380.000
182.000 129.000 365.000 370.000 250.000 117.000 460.000 383.000
185.000 129.000 366.000 361.000 262.000 120.000 458.000 369.000
170.000 113.000 378.000 378.000 255.000 121.000 450.000 370.000
193.000 132.000 369.000 363.000 256.000 127.000 452.000 375.000
174.000 115.000 371.000 363.000 256.000 135.000 445.000 372.000
177.000 120.000 363.000 354.000 254.000 130.000 444.000 365.000
184.000 128.000 365.000 363.000 258.000 133.000 442.000 366.000
180.000 117.000 365.000 369.000 259.000 133.000 442.000 366.000
184.000 123.000 379.000 375.000 253.000 119.000 456.000 376.000
184.000 127.000 366.000 366.000 259.000 126.000 452.000 375.000
175.000 117.000 368.000 361.000 251.000 116.000 460.000 384.000
174.000 119.000 366.000 360.000 257.000 134.000 441.000 368.000
179.000 117.000 376.000 364.000 254.000 118.000 453.000 377.000
174.000 120.000 364.000 359.000 261.000 135.000 443.000 368.000
192.000 130.000 371.000 355.000 255.000 120.000 453.000 367.000
186.000 124.000 369.000 370.000 256.000 125.000 446.000 366.000
179.000 112.000 383.000 367.000 254.000 119.000 456.000 378.000
197.000 143.000 363.000 363.000 254.000 121.000 453.000 372.000
174.000 112.000 382.000 378.000 252.000 120.000 453.000 379.000
186.000 120.000 379.000 372.000 257.000 123.000 446.000 364.000
195.000 143.000 361.000 361.000 253.000 126.000 444.000 371.000
182.000 114.000 380.000 374.000 246.000 118.000 444.000 379.000
165.000 104.000 371.000 384.000 254.000 136.000 442.000 368.000
190.000 135.000 363.000 354.000 259.000 127.000 446.000 365.000
183.000 122.000 372.000 384.000 251.000 125.000 447.000 378.000
176.000 118.000 379.000 380.000 261.000 131.000 446.000 372.000
176.000 118.000 379.000 380.000 261.000 131.000 446.000 372.000
189.000 125.000 383.000 370.000 262.000 132.000 442.000 366.000
184.000 119.000 364.000 373.000 258.000 127.000 454.000 382.000
175.000 114.000 377.000 373.000 259.000 137.000 440.000 372.000
179.000 118.000 361.000 372.000 260.000 136.000 437.000 363.000
185.000 124.000 369.000 368.000 261.000 134.000 443.000 370.000
175.000 112.000 367.000 377.000 262.000 138.000 452.000 377.000
175.000 107.000 366.000 365.000 253.000 127.000 444.000 371.000
180.000 120.000 373.000 369.000 255.000 125.000 450.000 378.000
178.000 121.000 376.000 379.000 256.000 130.000 445.000 367.000
170.000 110.000 369.000 376.000 257.000 144.000 433.000 369.000
179.000 124.000 364.000 375.000 259.000 140.000 438.000 372.000
176.000 123.000 372.000 379.000 258.000 130.000 431.000 353.000
185.000 126.000 371.000 368.000 259.000 126.000 445.000 364.000
170.000 112.000 374.000 384.000 257.000 138.000 442.000 371.000
178.000 119.000 365.000 380.000 248.000 118.000 451.000 379.000
176.000 120.000 366.000 379.000 260.000 135.000 442.000 371.000
172.000 113.000 366.000 382.000 259.000 131.000 443.000 367.000
