206.000 170.000 353.000 356.000 258.000 154.000 426.000 362.000
193.000 157.000 345.000 348.000 254.000 148.000 427.000 367.000
203.000 166.000 343.000 346.000 250.000 153.000 418.000 373.000
189.000 150.000 352.000 367.000 260.000 155.000 423.000 356.000
195.000 157.000 351.000 351.000 253.000 148.000 426.000 367.000
185.000 150.000 356.000 370.000 258.000 156.000 420.000 354.000
199.000 162.000 339.000 342.000 257.000 154.000 422.000 359.000
191.000 158.000 339.000 349.000 259.000 153.000 423.000 357.000
186.000 146.000 359.000 369.000 258.000 154.000 422.000 358.000
195.000 149.000 366.000 374.000 257.000 149.000 427.000 366.000
195.000 153.000 358.000 362.000 260.000 156.000 423.000 357.000
192.000 150.000 354.000 358.000 255.000 149.000 426.000 364.000
188.000 142.000 354.000 373.000 258.000 156.000 420.000 367.000
190.000 144.000 355.000 372.000 247.000 150.000 418.000 374.000
193.000 152.000 357.000 362.000 260.000 159.000 418.000 354.000
194.000 154.000 353.000 361.000 262.000 156.000 423.000 357.000
192.000 151.000 360.000 362.000 264.000 159.000 421.000 356.000
193.000 152.000 356.000 363.000 263.000 156.000 422.000 358.000
190.000 147.000 364.000 373.000 256.000 156.000 421.000 365.000
196.000 155.000 351.000 360.000 259.000 152.000 424.000 356.000
193.000 150.000 357.000 364.000 256.000 150.000 422.000 366.000
194.000 153.000 357.000 359.000 256.000 154.000 420.000 354.000
193.000 155.000 344.000 349.000 248.000 150.000 420.000 375.000
190.000 150.000 356.000 364.000 256.000 152.000 421.000 365.000
190.000 148.000 366.000 367.000 252.000 151.000 420.000 372.000
190.000 151.000 360.000 368.000 254.000 149.000 427.000 362.000
184.000 146.000 359.000 375.000 257.000 149.000 427.000 364.000
190.000 152.000 344.000 352.000 258.000 152.000 424.000 358.000
191.000 147.000 364.000 368.000 256.000 150.000 424.000 366.000
186.000 146.000 358.000 369.000 254.000 156.000 419.000 365.000
182.000 156.000 336.000 354.000 257.000 153.000 425.000 364.000
198.000 155.000 356.000 360.000 246.000 153.000 421.000 380.000
188.000 149.000 359.000 370.000 256.000 154.000 421.000 358.000
181.000 147.000 346.000 366.000 255.000 148.000 429.000 371.000
189.000 150.000 354.000 354.000 253.000 156.000 418.000 367.000
189.000 154.000 341.000 352.000 257.000 154.000 422.000 363.000
194.000 158.000 348.000 359.000 254.000 153.000 420.000 369.000
189.000 153.000 349.000 362.000 238.000 146.000 419.000 383.000
180.000 147.000 344.000 368.000 254.000 150.000 426.000 368.000
189.000 150.000 350.000 356.000 252.000 149.000 425.000 370.000
189.000 150.000 350.000 356.000 252.000 149.000 425.000 370.000
191.000 155.000 347.000 356.000 254.000 150.000 422.000 365.000
196.000 153.000 360.000 360.000 253.000 147.000 427.000 366.000
189.000 149.000 351.000 362.000 254.000 147.000 426.000 366.000
185.000 148.000 352.000 371.000 261.000 164.000 415.000 352.000
189.000 149.000 356.000 370.000 251.000 143.000 429.000 370.000
191.000 152.000 350.000 361.000 252.000 149.000 420.000 367.000
191.000 155.000 355.000 362.000 259.000 155.000 420.000 361.000
186.000 149.000 347.000 358.000 251.000 146.000 429.000 373.000
185.000 151.000 345.000 365.000 254.000 151.000 422.000 362.000
186.000 150.000 356.000 368.000 253.000 148.000 426.000 372.000
192.000 152.000 361.000 360.000 252.000 147.000 426.000 373.000
191.000 146.000 363.000 373.000 260.000 156.000 422.000 358.000
193.000 148.000 356.000 364.000 256.000 153.000 420.000 362.000
191.000 148.000 360.000 370.000 254.000 149.000 430.000 370.000
189.000 149.000 356.000 367.000 252.000 150.000 428.000 375.000
185.000 143.000 357.000 370.000 252.000 147.000 433.000 377.000
188.000 144.000 361.000 373.000 250.000 151.000 429.000 378.000
182.000 139.000 368.000 383.000 253.000 149.000 433.000 377.000
189.000 148.000 358.000 370.000 249.000 144.000 431.000 375.000
193.000 153.000 362.000 370.000 252.000 147.000 431.000 375.000
192.000 147.000 359.000 363.000 251.000 150.000 430.000 377.000
185.000 142.000 359.000 373.000 253.000 146.000 431.000 371.000
189.000 150.000 362.000 369.000 252.000 146.000 432.000 376.000
195.000 150.000 362.000 366.000 254.000 148.000 425.000 358.000
189.000 146.000 356.000 363.000 258.000 150.000 425.000 359.000
193.000 154.000 351.000 364.000 257.000 154.000 423.000 367.000
192.000 151.000 354.000 365.000 253.000 150.000 426.000 369.000
197.000 161.000 343.000 350.000 254.000 154.000 417.000 369.000
191.000 151.000 356.000 362.000 262.000 155.000 422.000 355.000
187.000 145.000 361.000 373.000 242.000 147.000 421.000 380.000
191.000 152.000 356.000 364.000 259.000 154.000 422.000 366.000
191.000 150.000 362.000 370.000 258.000 153.000 423.000 356.000
192.000 152.000 358.000 362.000 257.000 149.000 432.000 371.000
192.000 152.000 358.000 362.000 257.000 149.000 432.000 371.000
197.000 156.000 353.000 351.000 255.000 152.000 427.000 368.000
191.000 150.000 358.000 363.000 257.000 152.000 422.000 369.000
188.000 142.000 358.000 374.000 262.000 161.000 418.000 350.000
188.000 142.000 358.000 374.000 262.000 161.000 418.000 350.000
184.000 148.000 356.000 371.000 252.000 153.000 420.000 371.000
192.000 149.000 352.000 357.000 255.000 149.000 423.000 371.000
201.000 156.000 356.000 353.000 257.000 153.000 425.000 363.000
192.000 149.000 366.000 371.000 259.000 158.000 421.000 365.000
193.000 154.000 356.000 355.000 255.000 151.000 423.000 366.000
193.000 154.000 356.000 355.000 255.000 151.000 423.000 366.000
186.000 144.000 363.000 372.000 245.000 152.000 422.000 384.000
187.000 144.000 367.000 374.000 253.000 148.000 427.000 370.000
191.000 161.000 340.000 352.000 249.000 148.000 434.000 382.000
188.000 147.000 360.000 369.000 262.000 156.000 417.000 355.000
194.000 154.000 362.000 363.000 256.000 151.000 427.000 367.000
194.000 154.000 356.000 353.000 256.000 150.000 425.000 365.000
199.000 157.000 355.000 357.000 257.000 148.000 427.000 363.000
191.000 149.000 362.000 365.000 249.000 153.000 416.000 369.000
190.000 148.000 361.000 370.000 257.000 152.000 422.000 369.000
194.000 158.000 359.000 366.000 252.000 150.000 434.000 381.000
187.000 146.000 359.000 369.000 252.000 154.000 424.000 374.000
190.000 146.000 362.000 370.000 257.000 150.000 424.000 369.000
185.000 149.000 351.000 365.000 250.000 145.000 431.000 376.000
188.000 143.000 370.000 374.000 253.000 148.000 429.000 375.000
188.000 143.000 370.000 374.000 253.000 148.000 429.000 375.000
193.000 153.000 355.000 359.000 257.000 147.000 431.000 371.000
196.000 156.000 354.000 352.000 258.000 149.000 426.000 361.000
185.000 144.000 372.000 384.000 255.000 149.000 424.000 374.000
194.000 152.000 355.000 364.000 254.000 152.000 427.000 371.000
196.000 159.000 353.000 357.000 255.000 150.000 425.000 366.000
196.000 149.000 356.000 356.000 257.000 149.000 425.000 360.000
190.000 146.000 364.000 372.000 257.000 154.000 421.000 358.000
193.000 150.000 357.000 361.000 258.000 157.000 417.000 362.000
190.000 142.000 363.000 372.000 256.000 151.000 424.000 360.000
175.000 150.000 341.000 364.000 256.000 155.000 422.000 357.000
194.000 155.000 355.000 363.000 229.000 141.000 425.000 395.000
198.000 159.000 353.000 359.000 250.000 148.000 436.000 387.000
194.000 155.000 356.000 362.000 252.000 149.000 431.000 378.000
186.000 146.000 360.000 364.000 252.000 152.000 431.000 380.000
184.000 141.000 365.000 378.000 245.000 148.000 418.000 369.000
189.000 144.000 369.000 378.000 254.000 154.000 420.000 365.000
189.000 151.000 356.000 371.000 258.000 147.000 430.000 363.000
192.000 152.000 357.000 362.000 260.000 151.000 428.000 362.000
189.000 150.000 356.000 363.000 254.000 149.000 428.000 374.000
193.000 147.000 361.000 363.000 248.000 148.000 416.000 366.000
184.000 149.000 350.000 367.000 253.000 149.000 432.000 377.000
190.000 150.000 360.000 361.000 267.000 177.000 405.000 350.000
192.000 149.000 356.000 361.000 262.000 155.000 417.000 358.000
193.000 153.000 353.000 351.000 260.000 150.000 426.000 362.000
190.000 147.000 348.000 354.000 245.000 152.000 410.000 362.000
194.000 147.000 371.000 370.000 253.000 146.000 431.000 373.000
194.000 147.000 371.000 370.000 253.000 146.000 431.000 373.000
192.000 155.000 351.000 364.000 242.000 146.000 422.000 380.000
186.000 142.000 369.000 377.000 260.000 162.000 421.000 363.000
191.000 147.000 357.000 361.000 259.000 155.000 419.000 354.000
174.000 148.000 342.000 365.000 251.000 149.000 427.000 372.000
187.000 150.000 358.000 367.000 260.000 159.000 419.000 356.000
185.000 156.000 339.000 354.000 253.000 145.000 422.000 358.000
190.000 147.000 359.000 362.000 254.000 150.000 425.000 368.000
189.000 146.000 360.000 369.000 252.000 146.000 429.000 372.000
191.000 147.000 362.000 365.000 250.000 145.000 431.000 375.000
194.000 145.000 360.000 361.000 250.000 153.000 423.000 376.000
196.000 153.000 351.000 351.000 263.000 157.000 418.000 352.000
192.000 146.000 365.000 363.000 260.000 154.000 422.000 356.000
193.000 144.000 360.000 365.000 251.000 146.000 428.000 376.000
198.000 163.000 339.000 346.000 253.000 150.000 423.000 369.000
194.000 163.000 350.000 363.000 251.000 150.000 425.000 370.000
190.000 154.000 350.000 358.000 249.000 150.000 422.000 374.000
198.000 170.000 344.000 353.000 240.000 145.000 418.000 372.000
191.000 149.000 354.000 362.000 245.000 151.000 416.000 367.000
194.000 151.000 356.000 358.000 257.000 154.000 420.000 361.000
193.000 154.000 348.000 352.000 247.000 151.000 414.000 358.000
193.000 149.000 358.000 363.000 249.000 149.000 422.000 374.000
194.000 153.000 355.000 353.000 264.000 160.000 413.000 342.000
196.000 157.000 349.000 347.000 248.000 155.000 413.000 366.000
191.000 149.000 356.000 363.000 259.000 152.000 426.000 365.000
192.000 153.000 358.000 363.000 259.000 150.000 422.000 358.000
191.000 153.000 352.000 359.000 258.000 153.000 419.000 353.000
194.000 153.000 349.000 347.000 255.000 148.000 426.000 366.000
208.000 169.000 341.000 341.000 255.000 153.000 416.000 349.000
192.000 154.000 349.000 352.000 254.000 152.000 418.000 360.000
194.000 149.000 355.000 357.000 257.000 150.000 421.000 360.000
188.000 148.000 352.000 358.000 253.000 148.000 423.000 366.000
188.000 149.000 358.000 370.000 249.000 150.000 428.000 376.000
187.000 147.000 354.000 363.000 256.000 154.000 421.000 360.000
191.000 150.000 349.000 355.000 258.000 155.000 419.000 357.000
187.000 149.000 351.000 357.000 260.000 155.000 420.000 359.000
189.000 151.000 354.000 363.000 262.000 162.000 412.000 351.000
197.000 158.000 353.000 356.000 259.000 162.000 412.000 354.000
190.000 150.000 349.000 355.000 256.000 165.000 403.000 348.000
180.000 148.000 350.000 368.000 258.000 152.000 422.000 358.000
180.000 148.000 350.000 368.000 258.000 152.000 422.000 358.000
186.000 151.000 351.000 357.000 257.000 157.000 419.000 361.000
197.000 159.000 348.000 343.000 258.000 160.000 421.000 371.000
185.000 146.000 356.000 370.000 260.000 152.000 427.000 364.000
197.000 158.000 348.000 354.000 253.000 151.000 419.000 361.000
194.000 157.000 349.000 359.000 256.000 154.000 419.000 355.000
194.000 157.000 349.000 359.000 256.000 154.000 419.000 355.000
183.000 147.000 348.000 362.000 258.000 156.000 418.000 352.000
188.000 154.000 353.000 363.000 250.000 149.000 417.000 360.000
188.000 154.000 353.000 363.000 250.000 149.000 417.000 360.000
193.000 154.000 341.000 341.000 254.000 155.000 415.000 356.000
181.000 145.000 353.000 368.000 246.000 146.000 420.000 371.000
189.000 152.000 342.000 347.000 253.000 154.000 418.000 354.000
181.000 151.000 341.000 351.000 251.000 155.000 408.000 353.000
190.000 155.000 339.000 344.000 251.000 152.000 412.000 359.000
185.000 153.000 346.000 361.000 247.000 147.000 420.000 366.000
188.000 148.000 351.000 361.000 253.000 154.000 415.000 362.000
187.000 148.000 351.000 360.000 256.000 156.000 417.000 354.000
184.000 148.000 351.000 365.000 257.000 155.000 414.000 353.000
186.000 143.000 356.000 367.000 257.000 150.000 421.000 362.000
186.000 148.000 354.000 370.000 259.000 155.000 420.000 360.000
188.000 143.000 356.000 363.000 262.000 158.000 414.000 351.000
188.000 147.000 353.000 361.000 259.000 156.000 420.000 360.000
191.000 149.000 352.000 356.000 258.000 153.000 416.000 349.000
198.000 158.000 347.000 351.000 262.000 159.000 415.000 347.000
194.000 148.000 356.000 360.000 254.000 152.000 422.000 362.000
196.000 149.000 358.000 362.000 249.000 152.000 422.000 375.000
183.000 154.000 346.000 355.000 257.000 147.000 425.000 361.000
197.000 159.000 348.000 355.000 258.000 151.000 422.000 360.000
193.000 148.000 354.000 358.000 257.000 152.000 421.000 362.000
191.000 151.000 349.000 349.000 259.000 153.000 417.000 348.000
189.000 147.000 350.000 355.000 259.000 160.000 411.000 350.000
185.000 147.000 356.000 364.000 259.000 150.000 424.000 361.000
190.000 143.000 358.000 367.000 260.000 155.000 420.000 352.000
189.000 146.000 355.000 359.000 252.000 148.000 421.000 369.000
192.000 147.000 354.000 361.000 260.000 155.000 416.000 351.000
193.000 151.000 354.000 363.000 256.000 149.000 421.000 359.000
190.000 155.000 357.000 363.000 261.000 158.000 415.000 355.000
191.000 150.000 349.000 353.000 255.000 149.000 426.000 366.000
191.000 146.000 356.000 360.000 246.000 145.000 427.000 371.000
190.000 143.000 361.000 367.000 256.000 147.000 423.000 360.000
195.000 152.000 354.000 352.000 255.000 147.000 425.000 365.000
192.000 151.000 354.000 361.000 259.000 154.000 418.000 350.000
195.000 149.000 359.000 362.000 257.000 153.000 419.000 358.000
190.000 141.000 361.000 371.000 255.000 146.000 426.000 365.000
181.000 144.000 359.000 376.000 254.000 148.000 423.000 363.000
193.000 153.000 346.000 351.000 257.000 158.000 415.000 357.000
205.000 173.000 325.000 328.000 254.000 153.000 420.000 364.000
187.000 144.000 360.000 369.000 259.000 161.000 411.000 351.000
191.000 145.000 357.000 367.000 249.000 152.000 416.000 368.000
186.000 154.000 346.000 360.000 256.000 158.000 415.000 355.000
197.000 157.000 344.000 352.000 256.000 157.000 414.000 355.000
189.000 156.000 346.000 349.000 260.000 158.000 413.000 353.000
190.000 151.000 354.000 369.000 250.000 155.000 415.000 367.000
190.000 151.000 354.000 369.000 250.000 155.000 415.000 367.000
188.000 152.000 359.000 368.000 254.000 150.000 422.000 361.000
193.000 151.000 350.000 351.000 255.000 155.000 417.000 358.000
193.000 151.000 350.000 351.000 255.000 155.000 417.000 358.000
187.000 149.000 353.000 362.000 260.000 156.000 418.000 354.000
187.000 146.000 360.000 373.000 256.000 152.000 422.000 362.000
189.000 146.000 360.000 365.000 257.000 152.000 418.000 356.000
194.000 159.000 345.000 344.000 258.000 156.000 417.000 358.000
185.000 148.000 351.000 360.000 263.000 155.000 423.000 358.000
180.000 143.000 356.000 372.000 256.000 152.000 421.000 359.000
191.000 150.000 354.000 362.000 253.000 157.000 416.000 360.000
188.000 148.000 355.000 367.000 259.000 154.000 420.000 357.000
191.000 151.000 356.000 362.000 255.000 147.000 423.000 361.000
195.000 154.000 346.000 353.000 260.000 158.000 415.000 348.000
184.000 150.000 341.000 351.000 259.000 158.000 413.000 347.000
189.000 151.000 346.000 346.000 248.000 146.000 422.000 372.000
183.000 145.000 352.000 360.000 246.000 147.000 418.000 370.000
189.000 154.000 343.000 346.000 255.000 161.000 410.000 352.000
185.000 150.000 350.000 354.000 261.000 158.000 415.000 348.000
194.000 157.000 345.000 356.000 256.000 154.000 414.000 357.000
196.000 154.000 351.000 350.000 246.000 146.000 422.000 374.000
183.000 149.000 351.000 365.000 254.000 154.000 415.000 354.000
191.000 152.000 347.000 358.000 260.000 156.000 413.000 352.000
193.000 156.000 345.000 348.000 253.000 158.000 411.000 361.000
179.000 146.000 348.000 370.000 258.000 157.000 415.000 350.000
180.000 151.000 341.000 365.000 260.000 161.000 410.000 345.000
188.000 152.000 342.000 350.000 255.000 157.000 414.000 361.000
187.000 147.000 351.000 364.000 260.000 153.000 421.000 361.000
193.000 156.000 348.000 360.000 260.000 158.000 416.000 354.000
189.000 151.000 354.000 368.000 259.000 156.000 411.000 350.000
191.000 153.000 351.000 363.000 255.000 155.000 414.000 357.000
182.000 146.000 351.000 360.000 254.000 158.000 413.000 355.000
182.000 146.000 351.000 360.000 254.000 158.000 413.000 355.000
184.000 145.000 354.000 361.000 256.000 158.000 415.000 354.000
189.000 149.000 350.000 352.000 247.000 146.000 422.000 371.000
193.000 149.000 352.000 357.000 253.000 156.000 413.000 360.000
193.000 149.000 352.000 357.000 253.000 156.000 413.000 360.000
189.000 155.000 348.000 353.000 254.000 159.000 405.000 353.000
192.000 157.000 341.000 342.000 255.000 155.000 416.000 355.000
185.000 149.000 343.000 355.000 250.000 153.000 411.000 351.000
191.000 148.000 351.000 356.000 252.000 148.000 421.000 364.000
190.000 148.000 352.000 363.000 246.000 148.000 421.000 375.000
189.000 150.000 354.000 361.000 254.000 157.000 413.000 354.000
189.000 156.000 335.000 340.000 243.000 144.000 422.000 374.000
189.000 154.000 342.000 350.000 254.000 160.000 410.000 356.000
186.000 151.000 341.000 354.000 250.000 151.000 413.000 359.000
182.000 152.000 342.000 349.000 254.000 152.000 414.000 354.000
190.000 151.000 352.000 358.000 252.000 154.000 412.000 355.000
187.000 146.000 357.000 364.000 249.000 147.000 417.000 364.000
182.000 145.000 348.000 354.000 256.000 154.000 416.000 348.000
187.000 149.000 354.000 361.000 254.000 151.000 418.000 353.000
190.000 151.000 346.000 348.000 259.000 153.000 418.000 348.000
185.000 151.000 345.000 353.000 254.000 150.000 417.000 352.000
190.000 163.000 340.000 359.000 252.000 149.000 422.000 363.000
190.000 151.000 357.000 360.000 249.000 151.000 415.000 363.000
186.000 152.000 346.000 351.000 257.000 152.000 418.000 351.000
190.000 144.000 356.000 363.000 259.000 155.000 420.000 354.000
196.000 163.000 340.000 340.000 254.000 145.000 426.000 361.000
205.000 174.000 331.000 336.000 255.000 146.000 425.000 361.000
188.000 148.000 355.000 364.000 252.000 148.000 424.000 364.000
195.000 154.000 348.000 353.000 260.000 151.000 422.000 360.000
195.000 154.000 348.000 353.000 260.000 151.000 422.000 360.000
192.000 151.000 352.000 360.000 256.000 151.000 420.000 352.000
192.000 144.000 360.000 368.000 259.000 153.000 418.000 350.000
193.000 151.000 351.000 350.000 252.000 151.000 425.000 369.000
193.000 151.000 351.000 350.000 252.000 151.000 425.000 369.000
192.000 149.000 359.000 363.000 256.000 154.000 416.000 357.000
188.000 148.000 352.000 358.000 260.000 156.000 419.000 351.000
193.000 148.000 354.000 362.000 256.000 155.000 418.000 357.000
191.000 153.000 347.000 352.000 256.000 150.000 421.000 357.000
206.000 172.000 328.000 329.000 253.000 152.000 418.000 367.000
192.000 154.000 345.000 347.000 252.000 151.000 419.000 360.000
189.000 142.000 360.000 370.000 257.000 158.000 417.000 353.000
192.000 148.000 355.000 362.000 256.000 151.000 420.000 358.000
190.000 146.000 350.000 360.000 258.000 151.000 417.000 353.000
186.000 149.000 350.000 363.000 253.000 148.000 420.000 359.000
186.000 147.000 354.000 364.000 256.000 156.000 416.000 353.000
185.000 150.000 347.000 355.000 258.000 154.000 413.000 354.000
189.000 147.000 350.000 357.000 261.000 156.000 419.000 349.000
188.000 149.000 353.000 358.000 257.000 154.000 417.000 358.000
