209.000 178.000 347.000 358.000 266.000 178.000 410.000 360.000
207.000 177.000 352.000 366.000 269.000 179.000 411.000 355.000
206.000 176.000 351.000 364.000 268.000 183.000 410.000 355.000
207.000 175.000 356.000 368.000 269.000 186.000 405.000 357.000
208.000 181.000 345.000 355.000 267.000 177.000 412.000 360.000
205.000 177.000 354.000 369.000 265.000 175.000 416.000 363.000
205.000 177.000 354.000 369.000 265.000 175.000 416.000 363.000
209.000 183.000 344.000 355.000 265.000 177.000 413.000 361.000
206.000 171.000 355.000 362.000 265.000 179.000 407.000 353.000
202.000 176.000 348.000 359.000 266.000 179.000 410.000 355.000
205.000 179.000 343.000 358.000 270.000 196.000 400.000 356.000
203.000 174.000 346.000 358.000 265.000 179.000 408.000 352.000
207.000 179.000 348.000 359.000 265.000 178.000 410.000 357.000
207.000 179.000 348.000 359.000 265.000 178.000 410.000 357.000
206.000 172.000 359.000 364.000 265.000 181.000 405.000 351.000
206.000 172.000 359.000 364.000 265.000 181.000 405.000 351.000
205.000 177.000 347.000 354.000 269.000 189.000 404.000 358.000
208.000 179.000 346.000 356.000 265.000 180.000 409.000 359.000
206.000 178.000 351.000 362.000 266.000 181.000 406.000 352.000
206.000 175.000 354.000 364.000 267.000 181.000 402.000 343.000
208.000 179.000 355.000 354.000 270.000 184.000 405.000 347.000
207.000 177.000 351.000 362.000 267.000 183.000 403.000 346.000
209.000 181.000 345.000 353.000 268.000 180.000 411.000 358.000
205.000 179.000 347.000 363.000 263.000 177.000 408.000 358.000
205.000 177.000 349.000 360.000 268.000 185.000 402.000 346.000
207.000 180.000 347.000 358.000 266.000 180.000 403.000 347.000
205.000 173.000 351.000 362.000 264.000 177.000 408.000 356.000
207.000 180.000 346.000 360.000 267.000 179.000 408.000 356.000
206.000 179.000 347.000 362.000 263.000 178.000 415.000 370.000
205.000 180.000 345.000 356.000 265.000 179.000 410.000 361.000
206.000 179.000 350.000 359.000 264.000 176.000 413.000 359.000
207.000 180.000 351.000 363.000 267.000 183.000 410.000 359.000
201.000 173.000 350.000 365.000 263.000 177.000 408.000 358.000
206.000 179.000 344.000 353.000 267.000 182.000 403.000 348.000
203.000 177.000 348.000 364.000 264.000 179.000 409.000 359.000
209.000 186.000 342.000 352.000 266.000 182.000 401.000 344.000
209.000 186.000 342.000 352.000 266.000 182.000 401.000 344.000
205.000 178.000 344.000 348.000 265.000 179.000 405.000 351.000
202.000 182.000 343.000 366.000 265.000 177.000 408.000 355.000
208.000 179.000 345.000 354.000 265.000 181.000 410.000 359.000
203.000 173.000 351.000 365.000 266.000 180.000 404.000 347.000
205.000 178.000 347.000 353.000 264.000 180.000 413.000 361.000
203.000 175.000 349.000 365.000 265.000 181.000 414.000 363.000
203.000 176.000 344.000 353.000 266.000 180.000 403.000 345.000
202.000 173.000 348.000 362.000 264.000 179.000 413.000 359.000
201.000 177.000 347.000 367.000 266.000 181.000 405.000 350.000
200.000 172.000 351.000 369.000 267.000 180.000 402.000 343.000
202.000 175.000 346.000 358.000 260.000 172.000 410.000 360.000
199.000 170.000 353.000 372.000 265.000 179.000 404.000 350.000
202.000 176.000 351.000 367.000 263.000 178.000 416.000 363.000
201.000 171.000 353.000 367.000 264.000 178.000 405.000 353.000
206.000 178.000 343.000 346.000 264.000 179.000 415.000 363.000
204.000 173.000 350.000 356.000 262.000 178.000 406.000 356.000
201.000 173.000 351.000 368.000 263.000 175.000 411.000 360.000
203.000 176.000 352.000 369.000 265.000 181.000 409.000 358.000
203.000 176.000 352.000 369.000 265.000 181.000 409.000 358.000
198.000 170.000 354.000 373.000 265.000 180.000 413.000 361.000
203.000 175.000 350.000 367.000 262.000 178.000 414.000 365.000
202.000 174.000 346.000 355.000 264.000 181.000 404.000 352.000
202.000 174.000 346.000 355.000 264.000 181.000 404.000 352.000
203.000 178.000 349.000 367.000 264.000 179.000 411.000 362.000
204.000 174.000 352.000 361.000 265.000 180.000 404.000 347.000
201.000 176.000 348.000 368.000 265.000 178.000 407.000 352.000
201.000 174.000 340.000 357.000 264.000 179.000 409.000 358.000
200.000 172.000 345.000 357.000 265.000 180.000 404.000 352.000
201.000 180.000 343.000 362.000 263.000 179.000 406.000 354.000
205.000 186.000 345.000 361.000 269.000 196.000 391.000 351.000
206.000 189.000 341.000 357.000 264.000 179.000 408.000 358.000
202.000 183.000 342.000 363.000 262.000 176.000 406.000 355.000
201.000 174.000 340.000 359.000 263.000 178.000 404.000 348.000
209.000 179.000 345.000 356.000 275.000 196.000 386.000 337.000
202.000 180.000 344.000 363.000 260.000 174.000 413.000 366.000
203.000 178.000 349.000 361.000 264.000 180.000 403.000 347.000
206.000 183.000 343.000 358.000 262.000 178.000 412.000 361.000
203.000 186.000 340.000 363.000 261.000 176.000 408.000 359.000
202.000 174.000 347.000 367.000 266.000 180.000 404.000 351.000
202.000 174.000 347.000 367.000 266.000 180.000 404.000 351.000
203.000 174.000 349.000 356.000 266.000 180.000 402.000 344.000
202.000 170.000 353.000 360.000 264.000 177.000 405.000 353.000
206.000 182.000 343.000 357.000 265.000 180.000 411.000 357.000
206.000 185.000 339.000 348.000 263.000 175.000 407.000 354.000
203.000 173.000 350.000 368.000 261.000 170.000 416.000 363.000
207.000 184.000 345.000 357.000 264.000 180.000 404.000 352.000
202.000 171.000 350.000 358.000 265.000 180.000 403.000 348.000
204.000 175.000 347.000 355.000 272.000 193.000 404.000 355.000
206.000 181.000 341.000 346.000 264.000 176.000 412.000 360.000
205.000 173.000 349.000 357.000 264.000 182.000 401.000 347.000
210.000 184.000 346.000 355.000 272.000 190.000 406.000 350.000
205.000 177.000 344.000 354.000 269.000 182.000 405.000 349.000
208.000 183.000 344.000 357.000 270.000 186.000 406.000 351.000
204.000 172.000 353.000 360.000 264.000 178.000 415.000 363.000
207.000 177.000 350.000 365.000 280.000 202.000 379.000 329.000
205.000 172.000 352.000 364.000 269.000 185.000 405.000 355.000
209.000 180.000 343.000 351.000 274.000 193.000 390.000 336.000
207.000 173.000 351.000 356.000 263.000 179.000 410.000 360.000
208.000 185.000 326.000 337.000 265.000 185.000 402.000 354.000
205.000 171.000 354.000 363.000 268.000 183.000 404.000 348.000
209.000 182.000 345.000 355.000 267.000 185.000 401.000 349.000
205.000 172.000 354.000 363.000 274.000 195.000 385.000 333.000
205.000 171.000 355.000 367.000 268.000 180.000 406.000 349.000
205.000 171.000 355.000 367.000 268.000 180.000 406.000 349.000
205.000 179.000 341.000 354.000 272.000 192.000 389.000 340.000
215.000 187.000 340.000 346.000 267.000 182.000 407.000 357.000
207.000 176.000 349.000 354.000 268.000 182.000 406.000 353.000
205.000 177.000 346.000 358.000 267.000 182.000 406.000 352.000
211.000 179.000 346.000 353.000 269.000 179.000 407.000 348.000
206.000 173.000 350.000 360.000 266.000 187.000 402.000 357.000
202.000 173.000 356.000 373.000 264.000 179.000 408.000 358.000
204.000 177.000 349.000 359.000 269.000 182.000 408.000 361.000
207.000 174.000 346.000 358.000 263.000 176.000 412.000 363.000
204.000 172.000 348.000 363.000 268.000 188.000 404.000 357.000
212.000 185.000 350.000 357.000 265.000 173.000 419.000 371.000
206.000 180.000 348.000 364.000 266.000 182.000 408.000 356.000
204.000 177.000 353.000 367.000 269.000 186.000 406.000 352.000
205.000 177.000 349.000 364.000 268.000 186.000 405.000 358.000
210.000 181.000 347.000 356.000 267.000 185.000 407.000 361.000
207.000 173.000 352.000 365.000 266.000 185.000 405.000 354.000
209.000 174.000 353.000 360.000 269.000 187.000 411.000 363.000
211.000 179.000 353.000 365.000 267.000 183.000 407.000 359.000
209.000 174.000 353.000 359.000 268.000 179.000 411.000 359.000
207.000 176.000 347.000 354.000 267.000 183.000 412.000 362.000
207.000 176.000 347.000 354.000 267.000 183.000 412.000 362.000
208.000 174.000 357.000 370.000 268.000 183.000 407.000 353.000
209.000 175.000 350.000 358.000 266.000 180.000 411.000 358.000
203.000 176.000 352.000 364.000 269.000 181.000 410.000 354.000
213.000 185.000 348.000 355.000 266.000 184.000 409.000 361.000
205.000 177.000 346.000 356.000 268.000 181.000 410.000 355.000
210.000 182.000 344.000 347.000 267.000 182.000 408.000 353.000
212.000 187.000 347.000 358.000 268.000 181.000 409.000 364.000
203.000 176.000 346.000 355.000 264.000 182.000 405.000 355.000
205.000 172.000 352.000 367.000 265.000 182.000 407.000 355.000
209.000 182.000 348.000 351.000 266.000 184.000 408.000 361.000
209.000 181.000 347.000 352.000 270.000 183.000 406.000 349.000
208.000 182.000 346.000 350.000 266.000 183.000 409.000 361.000
206.000 181.000 342.000 349.000 259.000 180.000 410.000 372.000
206.000 178.000 351.000 362.000 262.000 181.000 406.000 361.000
210.000 180.000 348.000 352.000 261.000 175.000 411.000 363.000
204.000 180.000 341.000 349.000 262.000 182.000 405.000 361.000
205.000 178.000 342.000 346.000 261.000 177.000 407.000 359.000
205.000 182.000 349.000 368.000 268.000 182.000 404.000 350.000
206.000 181.000 339.000 348.000 263.000 173.000 412.000 361.000
204.000 181.000 339.000 351.000 263.000 181.000 404.000 357.000
207.000 176.000 344.000 347.000 265.000 185.000 402.000 356.000
208.000 179.000 345.000 347.000 261.000 180.000 410.000 371.000
208.000 181.000 338.000 343.000 268.000 184.000 407.000 356.000
211.000 193.000 341.000 353.000 263.000 174.000 413.000 361.000
210.000 178.000 351.000 351.000 261.000 178.000 406.000 360.000
208.000 182.000 339.000 344.000 268.000 183.000 404.000 349.000
208.000 172.000 353.000 364.000 263.000 177.000 409.000 362.000
208.000 176.000 343.000 351.000 264.000 184.000 410.000 364.000
208.000 176.000 343.000 351.000 264.000 184.000 410.000 364.000
204.000 179.000 342.000 350.000 261.000 178.000 413.000 367.000
207.000 181.000 343.000 351.000 261.000 182.000 409.000 369.000
204.000 178.000 346.000 352.000 262.000 177.000 411.000 366.000
204.000 179.000 338.000 344.000 262.000 181.000 409.000 365.000
202.000 180.000 336.000 349.000 260.000 182.000 408.000 366.000
202.000 180.000 336.000 349.000 260.000 182.000 408.000 366.000
206.000 180.000 341.000 348.000 256.000 177.000 406.000 367.000
198.000 178.000 344.000 356.000 257.000 179.000 408.000 371.000
203.000 180.000 343.000 354.000 260.000 180.000 408.000 363.000
202.000 179.000 345.000 354.000 257.000 176.000 409.000 367.000
195.000 172.000 358.000 380.000 257.000 173.000 409.000 369.000
204.000 184.000 342.000 360.000 256.000 177.000 404.000 360.000
204.000 188.000 341.000 369.000 262.000 179.000 413.000 365.000
200.000 181.000 339.000 355.000 265.000 182.000 402.000 352.000
206.000 180.000 341.000 345.000 260.000 179.000 410.000 367.000
207.000 180.000 345.000 351.000 262.000 179.000 412.000 365.000
205.000 182.000 337.000 348.000 263.000 180.000 412.000 361.000
202.000 173.000 352.000 367.000 260.000 180.000 413.000 369.000
201.000 174.000 345.000 361.000 264.000 179.000 412.000 359.000
201.000 179.000 341.000 355.000 261.000 180.000 410.000 367.000
203.000 180.000 347.000 358.000 261.000 178.000 412.000 367.000
205.000 178.000 349.000 357.000 264.000 184.000 409.000 362.000
205.000 178.000 349.000 357.000 264.000 184.000 409.000 362.000
198.000 180.000 343.000 357.000 261.000 181.000 405.000 359.000
196.000 178.000 342.000 366.000 262.000 186.000 400.000 357.000
200.000 179.000 340.000 355.000 266.000 182.000 404.000 356.000
199.000 177.000 343.000 358.000 255.000 175.000 412.000 375.000
202.000 178.000 344.000 355.000 255.000 174.000 406.000 369.000
198.000 175.000 345.000 363.000 255.000 175.000 413.000 376.000
194.000 177.000 346.000 370.000 254.000 173.000 410.000 372.000
200.000 179.000 344.000 360.000 261.000 176.000 413.000 363.000
195.000 171.000 350.000 369.000 263.000 181.000 405.000 360.000
205.000 180.000 344.000 351.000 262.000 181.000 409.000 365.000
193.000 168.000 353.000 379.000 265.000 182.000 410.000 361.000
195.000 175.000 347.000 361.000 259.000 175.000 414.000 369.000
198.000 172.000 351.000 368.000 262.000 179.000 407.000 361.000
198.000 176.000 344.000 359.000 258.000 174.000 411.000 367.000
197.000 170.000 347.000 369.000 259.000 174.000 413.000 370.000
197.000 173.000 348.000 359.000 256.000 172.000 414.000 371.000
202.000 180.000 340.000 349.000 262.000 180.000 416.000 368.000
202.000 180.000 340.000 349.000 262.000 180.000 416.000 368.000
200.000 177.000 345.000 355.000 265.000 184.000 403.000 356.000
196.000 172.000 349.000 372.000 258.000 175.000 410.000 365.000
205.000 184.000 340.000 353.000 261.000 178.000 415.000 367.000
203.000 181.000 338.000 351.000 263.000 183.000 408.000 360.000
197.000 172.000 347.000 365.000 263.000 181.000 411.000 361.000
199.000 176.000 344.000 357.000 259.000 179.000 413.000 373.000
198.000 175.000 346.000 365.000 262.000 181.000 411.000 363.000
199.000 176.000 342.000 353.000 260.000 183.000 403.000 361.000
203.000 177.000 345.000 354.000 264.000 182.000 411.000 362.000
200.000 177.000 345.000 362.000 262.000 178.000 407.000 362.000
199.000 177.000 345.000 359.000 255.000 176.000 412.000 373.000
200.000 179.000 342.000 354.000 257.000 180.000 410.000 370.000
195.000 172.000 345.000 364.000 261.000 180.000 410.000 366.000
195.000 169.000 346.000 365.000 260.000 179.000 407.000 362.000
199.000 178.000 343.000 357.000 255.000 176.000 411.000 371.000
201.000 183.000 340.000 354.000 262.000 177.000 407.000 360.000
210.000 197.000 338.000 357.000 258.000 177.000 408.000 364.000
200.000 176.000 344.000 355.000 259.000 174.000 411.000 364.000
200.000 176.000 344.000 355.000 259.000 174.000 411.000 364.000
200.000 176.000 343.000 360.000 261.000 183.000 405.000 362.000
199.000 175.000 348.000 364.000 264.000 183.000 408.000 361.000
209.000 198.000 341.000 357.000 261.000 177.000 413.000 368.000
210.000 199.000 335.000 349.000 265.000 182.000 410.000 359.000
208.000 189.000 339.000 357.000 264.000 177.000 409.000 357.000
201.000 174.000 350.000 360.000 260.000 178.000 411.000 366.000
202.000 176.000 346.000 358.000 262.000 182.000 410.000 362.000
196.000 167.000 353.000 370.000 263.000 181.000 406.000 357.000
199.000 175.000 344.000 354.000 266.000 184.000 406.000 360.000
202.000 180.000 342.000 356.000 258.000 176.000 408.000 365.000
197.000 171.000 348.000 366.000 257.000 171.000 412.000 366.000
197.000 176.000 343.000 366.000 262.000 184.000 403.000 359.000
210.000 197.000 338.000 351.000 257.000 185.000 404.000 371.000
192.000 171.000 352.000 376.000 259.000 177.000 414.000 369.000
192.000 171.000 352.000 376.000 259.000 177.000 414.000 369.000
201.000 176.000 349.000 366.000 258.000 181.000 410.000 369.000
200.000 176.000 344.000 355.000 259.000 177.000 411.000 366.000
199.000 179.000 342.000 363.000 262.000 188.000 400.000 360.000
208.000 190.000 335.000 351.000 258.000 179.000 406.000 366.000
199.000 179.000 336.000 352.000 262.000 179.000 409.000 359.000
194.000 173.000 347.000 363.000 264.000 184.000 408.000 358.000
199.000 175.000 345.000 356.000 262.000 178.000 413.000 361.000
204.000 176.000 348.000 355.000 263.000 183.000 406.000 363.000
198.000 166.000 353.000 359.000 263.000 178.000 412.000 364.000
213.000 191.000 342.000 347.000 261.000 180.000 406.000 359.000
205.000 180.000 348.000 359.000 264.000 181.000 410.000 361.000
207.000 180.000 345.000 362.000 264.000 177.000 416.000 363.000
206.000 184.000 349.000 371.000 260.000 176.000 414.000 369.000
205.000 171.000 353.000 364.000 265.000 179.000 414.000 361.000
205.000 178.000 344.000 354.000 265.000 178.000 418.000 363.000
214.000 192.000 342.000 343.000 264.000 176.000 417.000 362.000
215.000 196.000 340.000 344.000 265.000 183.000 409.000 358.000
213.000 198.000 339.000 347.000 265.000 178.000 418.000 361.000
206.000 181.000 344.000 348.000 261.000 179.000 415.000 368.000
213.000 198.000 340.000 349.000 265.000 179.000 417.000 361.000
202.000 173.000 352.000 363.000 266.000 179.000 416.000 361.000
204.000 174.000 351.000 358.000 260.000 171.000 418.000 371.000
209.000 192.000 345.000 359.000 265.000 179.000 415.000 361.000
206.000 187.000 343.000 361.000 259.000 171.000 419.000 374.000
203.000 179.000 347.000 360.000 264.000 180.000 409.000 360.000
213.000 193.000 345.000 358.000 262.000 176.000 419.000 369.000
207.000 187.000 342.000 360.000 264.000 178.000 408.000 357.000
207.000 187.000 342.000 360.000 264.000 178.000 408.000 357.000
210.000 190.000 346.000 361.000 265.000 179.000 405.000 355.000
203.000 178.000 346.000 362.000 263.000 177.000 412.000 363.000
203.000 178.000 346.000 362.000 263.000 177.000 412.000 363.000
208.000 193.000 339.000 359.000 262.000 178.000 414.000 364.000
217.000 201.000 316.000 327.000 264.000 176.000 417.000 365.000
217.000 204.000 332.000 344.000 263.000 174.000 421.000 366.000
215.000 200.000 336.000 346.000 267.000 179.000 406.000 353.000
209.000 189.000 341.000 358.000 265.000 179.000 406.000 354.000
208.000 176.000 346.000 357.000 265.000 184.000 405.000 358.000
209.000 176.000 346.000 349.000 268.000 183.000 411.000 358.000
208.000 171.000 359.000 358.000 269.000 182.000 407.000 353.000
207.000 179.000 346.000 354.000 268.000 179.000 408.000 353.000
207.000 174.000 351.000 356.000 264.000 174.000 414.000 361.000
215.000 188.000 332.000 336.000 263.000 176.000 412.000 362.000
219.000 189.000 337.000 337.000 269.000 182.000 413.000 359.000
222.000 193.000 338.000 340.000 267.000 182.000 410.000 361.000
236.000 207.000 339.000 340.000 265.000 174.000 416.000 361.000
217.000 186.000 354.000 357.000 270.000 181.000 407.000 349.000
207.000 181.000 341.000 353.000 272.000 191.000 393.000 343.000
213.000 189.000 347.000 353.000 263.000 181.000 409.000 362.000
212.000 183.000 346.000 346.000 263.000 177.000 409.000 358.000
217.000 189.000 338.000 339.000 261.000 177.000 412.000 367.000
207.000 180.000 343.000 351.000 267.000 182.000 406.000 353.000
217.000 187.000 347.000 354.000 266.000 181.000 410.000 359.000
211.000 190.000 340.000 352.000 269.000 180.000 407.000 352.000
220.000 194.000 345.000 354.000 266.000 185.000 405.000 357.000
208.000 171.000 354.000 357.000 270.000 179.000 407.000 346.000
205.000 175.000 349.000 363.000 269.000 180.000 409.000 353.000
208.000 177.000 347.000 353.000 264.000 181.000 415.000 367.000
224.000 195.000 336.000 340.000 269.000 182.000 406.000 351.000
228.000 198.000 335.000 337.000 263.000 183.000 414.000 373.000
227.000 205.000 336.000 342.000 269.000 177.000 413.000 356.000
227.000 205.000 336.000 342.000 269.000 177.000 413.000 356.000
206.000 177.000 353.000 363.000 269.000 178.000 412.000 355.000
210.000 188.000 339.000 358.000 272.000 181.000 411.000 352.000
212.000 188.000 344.000 358.000 274.000 184.000 408.000 347.000
209.000 177.000 353.000 363.000 272.000 182.000 408.000 348.000
203.000 174.000 348.000 360.000 279.000 195.000 389.000 334.000
214.000 182.000 345.000 343.000 267.000 181.000 413.000 364.000
207.000 176.000 353.000 363.000 268.000 177.000 416.000 362.000
208.000 179.000 345.000 347.000 271.000 182.000 407.000 349.000
210.000 184.000 346.000 357.000 269.000 186.000 409.000 362.000
208.000 176.000 347.000 353.000 272.000 184.000 406.000 350.000
212.000 178.000 351.000 357.000 280.000 196.000 386.000 328.000
214.000 181.000 348.000 345.000 272.000 184.000 405.000 346.000
207.000 169.000 357.000 366.000 273.000 184.000 409.000 353.000
