23.0 490 772 513 795
21.5 485 772 501 799
22.5 479 781 501 804
27.0 484 766 504 800
26.0 485 775 510 802
18.5 491 777 512 793
19.0 491 778 507 800
20.5 496 778 516 799
22.0 496 785 516 809
21.5 502 783 523 805
22.0 511 790 531 814
22.5 506 801 533 819
24.5 505 795 524 825
21.5 499 791 521 812
22.0 494 779 513 804
19.5 495 773 516 791
18.5 490 785 512 800
22.0 489 783 515 801
22.0 489 773 512 794
21.5 488 786 514 803
14.5 494 793 513 803
23.5 498 796 521 820
21.5 502 789 519 815
26.0 498 791 520 821
26.0 495 789 515 821
25.5 497 791 518 821
27.5 496 792 524 819
21.0 493 801 517 819
25.0 491 796 515 822
26.5 485 794 511 821
23.5 486 797 508 822
24.5 489 788 510 816
22.5 485 792 516 806
27.5 486 802 522 821
25.0 495 804 525 824
23.5 506 812 529 836
26.5 503 805 530 831
24.5 504 806 526 833
23.5 505 806 527 831
26.0 494 804 525 825
25.0 506 794 528 822
26.5 496 788 516 821
23.5 504 789 519 821
28.5 501 783 520 821
23.5 501 787 519 816
25.0 505 788 522 821
26.5 504 789 524 822
28.0 500 799 524 831
23.5 500 801 520 828
23.0 498 806 520 830
25.0 502 812 532 832
21.0 508 815 529 836
23.0 507 812 531 834
27.5 507 809 533 838
23.0 505 815 531 835
25.5 502 803 531 825
21.5 504 796 528 815
24.0 497 785 516 814
22.5 497 782 523 801
20.5 497 781 517 802
22.0 489 777 516 794
12.0 532 750 546 760
20.0 486 768 504 790
19.5 534 738 548 763
26.0 480 764 505 791
26.5 481 759 502 791
26.5 474 757 494 790
27.0 474 757 495 790
24.0 475 753 491 785
24.0 475 751 487 787
27.0 471 753 490 788
19.5 474 763 488 788
25.5 472 765 494 794
26.5 473 769 492 803
25.0 472 770 493 799
26.5 471 770 493 801
27.5 476 772 499 804
29.5 474 771 499 805
29.0 478 770 504 802
27.0 475 774 503 800
21.5 481 775 504 795
23.5 481 774 501 801
21.5 479 781 500 803
24.0 483 778 502 807
22.5 479 774 499 799
30.0 473 767 499 801
22.5 482 770 500 797
24.0 477 769 500 794
27.5 475 770 494 806
18.5 478 768 492 791
23.0 482 764 496 796
23.5 480 768 490 805
23.5 477 773 495 802
28.0 478 770 491 813
30.5 476 765 499 803
29.0 478 769 492 813
24.0 474 771 492 801
29.5 471 773 496 807
31.0 472 766 501 799
28.5 474 765 499 797
21.0 477 776 500 795
24.5 474 773 496 800
26.5 475 779 499 808
30.5 480 778 503 816
21.0 487 784 505 808
26.0 489 777 518 800
26.5 482 772 509 798
20.0 483 772 503 792
21.0 485 775 505 797
24.5 482 767 501 797
27.5 478 768 502 799
27.0 480 770 501 803
26.0 489 772 512 801
25.5 480 779 509 801
24.0 487 775 511 799
26.5 489 779 517 804
23.0 490 778 515 799
20.5 487 771 506 793
23.0 485 766 505 792
17.0 486 773 503 790
21.5 484 767 503 791
25.5 480 773 505 799
21.0 488 770 505 795
21.0 485 773 502 798
20.5 487 775 510 793
21.5 485 770 504 794
20.5 485 766 507 785
26.0 481 771 505 799
27.0 483 766 508 795
24.5 488 772 514 795
19.5 492 786 508 809
25.0 495 782 512 815
24.0 497 788 519 814
21.0 495 793 519 811
21.5 490 793 519 807
24.5 491 783 519 804
26.0 492 781 510 815
26.0 486 788 517 809
25.5 491 791 518 815
24.5 498 797 518 826
22.0 498 801 514 829
23.5 503 794 522 822
24.0 504 792 520 824
22.5 500 796 515 826
21.0 500 802 520 824
24.0 500 802 521 829
23.0 500 804 521 829
23.5 501 811 528 831
27.5 504 808 527 840
24.5 503 812 526 838
26.5 501 812 528 838
28.5 502 807 532 834
25.0 506 807 528 835
27.5 507 803 533 832
27.0 505 800 531 828
27.5 507 800 533 829
25.5 507 801 535 824
25.0 503 802 529 826
26.5 499 798 527 823
24.0 505 796 526 823
23.5 502 798 524 823
23.5 504 794 521 824
22.0 505 800 526 823
23.0 504 798 533 815
21.0 504 808 530 824
21.5 506 798 530 817
20.5 505 791 520 817
25.0 494 787 517 814
19.5 494 786 513 806
27.0 487 785 508 818
23.5 486 782 510 805
23.5 486 777 507 803
21.5 481 778 501 801
25.0 479 770 500 799
26.0 478 771 502 799
21.5 478 775 502 794
21.5 477 771 500 791
23.0 480 771 504 793
23.5 468 776 499 792
25.5 471 764 496 790
24.0 469 761 492 786
22.5 466 762 491 782
26.5 466 758 494 783
24.0 463 765 493 783
24.5 465 760 490 784
19.5 468 773 491 789
26.0 473 766 496 795
26.0 475 771 503 795
26.0 476 774 503 799
25.0 476 774 502 798
20.0 479 774 502 791
21.0 478 769 502 787
23.5 475 768 501 789
24.5 474 764 491 796
22.0 469 762 494 781
21.5 461 761 484 781
23.0 461 760 482 785
21.0 459 750 479 772
20.0 455 756 480 771
23.5 461 739 480 767
25.0 448 757 478 777
23.5 458 756 480 781
28.0 463 759 492 786
24.0 465 770 493 790
26.0 475 773 504 796
22.0 479 778 504 797
20.0 484 779 505 798
21.5 484 774 505 796
27.5 474 773 499 803
20.0 481 768 498 791
20.0 477 769 493 793
20.5 469 770 491 789
24.0 457 770 486 789
25.0 465 754 496 773
24.5 460 754 483 780
24.0 460 753 487 774
24.5 462 749 485 775
19.5 464 759 485 777
26.5 467 755 492 783
21.5 473 763 489 790
24.5 477 771 493 804
29.0 474 762 500 794
22.0 470 766 494 786
24.0 469 761 497 781
22.5 469 755 492 777
28.0 471 739 489 777
23.5 463 746 483 773
24.0 469 740 486 771
21.0 462 753 483 774
21.0 462 756 488 772
19.5 464 752 483 772
19.5 468 751 482 776
21.0 462 751 483 772
20.0 460 752 478 774
20.0 458 756 479 775
20.0 465 749 483 771
24.0 464 748 487 773
19.5 468 749 486 770
23.5 460 750 485 772
24.0 465 750 485 778
17.0 465 755 485 769
18.0 464 766 487 779
27.0 461 754 487 782
17.0 459 774 488 779
21.5 468 766 490 787
23.0 467 769 497 785
18.5 466 772 490 785
24.5 466 770 493 792
23.5 465 763 488 787
20.0 462 764 489 777
23.5 467 742 490 766
22.5 470 743 489 769
22.5 472 755 493 779
20.5 480 752 492 781
15.0 472 769 490 781
23.0 486 743 500 775
23.0 482 748 504 772
22.0 472 751 492 775
16.5 464 757 485 769
23.0 466 745 486 771
21.5 461 753 484 773
12.0 457 766 482 765
27.0 460 745 481 778
20.5 458 754 478 775
21.0 463 751 486 770
18.0 466 762 489 775
22.0 473 772 497 792
18.5 473 775 498 787
17.5 479 773 497 790
26.5 484 763 501 799
26.0 482 765 500 799
26.5 472 764 493 796
23.5 465 766 490 788
27.0 466 760 495 785
23.0 467 757 490 780
21.5 464 764 483 788
20.5 463 766 487 783
25.5 461 763 488 787
22.0 457 762 485 778
23.5 452 754 479 774
18.0 453 757 479 767
26.5 447 747 481 766
23.0 447 749 472 770
24.0 438 752 471 767
23.0 444 745 469 766
21.5 450 746 475 764
20.0 453 753 477 769
22.5 457 756 483 775
24.5 462 758 487 782
26.0 467 764 496 787
27.0 471 764 498 791
27.5 473 765 504 789
24.0 472 767 498 789
20.5 470 771 492 790
24.5 469 770 496 792
21.0 469 763 491 783
22.0 471 764 494 785
20.5 468 764 490 783
25.0 468 762 494 786
19.5 469 769 496 781
23.0 469 767 489 793
27.5 474 763 496 796
25.0 472 768 497 793
