13.5 511 782 536 784
19.5 516 765 538 782
568.0 480 549 1051 1114
14.0 514 774 530 786
14.0 521 770 537 782
138.0 485 550 531 780
17.5 513 775 538 785
13.0 512 782 539 781
10.0 525 785 533 797
14.0 533 788 544 805
14.0 544 801 558 815
13.0 548 809 562 821
19.0 558 812 567 841
13.5 556 828 576 835
18.5 556 821 575 839
20.0 553 817 572 838
21.5 554 805 565 837
15.0 547 806 556 827
18.0 547 802 559 826
13.0 532 810 554 814
18.0 537 797 554 816
16.5 543 789 547 818
14.5 542 802 551 822
17.5 540 798 559 814
19.0 544 800 563 819
16.5 553 798 566 818
15.5 558 807 572 824
15.0 560 805 569 826
18.0 558 804 567 831
15.0 559 811 570 830
16.0 560 807 571 828
13.0 565 811 574 828
12.5 564 814 576 827
12.0 570 815 577 832
18.0 564 816 580 836
19.5 566 819 585 839
15.0 569 820 583 836
14.5 578 822 587 842
13.5 571 831 592 837
16.5 580 826 592 847
15.5 573 834 594 844
13.0 580 834 593 847
12.5 583 837 589 856
12.5 579 843 593 854
12.5 577 842 589 855
15.5 572 837 590 850
15.5 572 834 584 853
16.5 572 833 587 851
14.0 574 831 581 852
15.0 572 835 586 851
14.5 572 839 587 853
14.0 572 841 588 853
18.0 569 836 585 856
16.0 563 840 585 850
16.0 558 836 573 853
20.5 551 829 568 853
17.0 550 817 564 837
15.0 541 816 559 828
16.5 530 812 553 822
19.5 533 800 546 826
15.0 534 805 547 822
17.0 529 799 547 815
11.5 527 807 543 814
12.0 530 807 546 815
14.5 529 803 540 821
13.0 528 798 543 809
17.0 518 804 545 811
17.0 522 786 539 803
17.5 521 780 532 804
12.5 519 781 531 794
13.5 519 785 527 804
19.5 521 778 536 802
14.5 527 777 539 794
16.5 528 786 540 807
15.0 533 792 543 812
739.5 478 557 1222 1292
15.0 539 788 546 811
15.0 536 802 553 815
17.0 536 800 557 813
17.5 543 799 558 819
19.0 547 798 556 827
17.5 544 804 559 824
14.0 546 807 560 821
14.5 543 809 558 823
12.5 541 810 556 820
15.5 541 807 558 821
18.0 536 801 557 816
18.5 537 795 550 819
10.5 536 809 550 816
15.0 539 800 550 819
15.5 534 805 554 816
15.0 536 806 556 816
12.0 479 569 502 570
16.5 545 803 558 823
13.0 547 810 557 826
17.5 551 806 568 824
19.0 546 818 570 832
15.5 546 819 566 830
14.0 549 818 564 831
14.0 546 820 565 829
12.0 544 818 561 825
19.0 550 810 563 835
16.5 544 817 554 840
23.5 546 806 561 838
17.0 551 814 563 836
17.5 546 815 566 830
17.5 555 826 572 844
10.5 592 860 600 873
14.0 595 859 611 871
19.0 590 856 600 884
17.0 551 852 572 865
20.0 541 812 551 842
16.5 545 821 561 838
17.5 550 823 568 840
21.0 548 822 569 843
17.5 553 827 573 842
16.0 559 831 573 849
20.0 560 830 575 855
22.5 557 835 579 858
19.5 560 831 573 857
19.5 557 831 577 850
18.0 558 832 574 852
20.5 553 831 572 853
20.0 551 828 570 849
19.0 554 830 575 847
18.5 556 828 575 846
20.0 560 826 573 853
15.5 562 828 578 843
19.5 561 827 579 848
18.5 568 829 582 852
19.5 566 834 585 854
17.0 566 837 584 853
17.5 568 831 583 851
21.0 561 826 581 848
20.5 557 823 575 846
18.5 562 817 572 844
16.0 554 822 568 840
16.5 558 820 569 842
19.0 556 821 569 846
19.0 558 817 571 842
18.5 559 819 575 840
12.5 564 829 579 839
15.5 565 829 577 848
19.5 567 829 577 858
17.5 568 832 582 853
16.5 566 834 582 851
15.5 562 836 577 852
13.5 559 829 575 840
15.5 551 829 567 844
15.5 550 816 566 831
15.5 545 810 555 831
15.5 547 803 562 819
18.5 545 803 562 823
18.0 544 808 563 825
17.5 542 811 556 832
18.5 543 809 557 832
14.5 547 815 559 832
15.5 552 821 566 838
14.0 555 828 574 837
15.0 568 826 579 845
17.5 568 831 581 853
16.0 565 831 580 848
16.0 561 836 578 851
17.0 561 837 580 852
17.0 562 829 574 851
16.0 558 830 576 844
17.5 551 830 568 848
17.5 549 818 563 839
15.5 542 812 560 825
17.0 544 804 555 827
17.5 544 801 558 822
17.0 548 809 564 827
13.5 554 820 566 835
16.0 563 827 578 844
12.5 568 831 582 842
14.0 574 838 594 846
18.0 576 836 594 854
15.0 579 847 590 866
11.0 579 842 588 855
14.5 565 839 580 853
17.5 561 826 574 848
17.0 557 821 569 843
15.0 553 811 566 828
14.0 548 812 561 827
15.5 550 812 560 833
17.0 549 809 561 831
15.0 550 813 567 826
16.5 544 812 563 826
13.5 551 813 563 828
12.5 553 813 560 831
18.5 552 812 566 835
16.5 554 815 569 833
14.5 555 821 573 832
20.0 552 826 573 845
14.5 554 829 570 842
18.5 558 826 578 843
16.0 560 832 578 846
18.0 563 831 577 853
14.0 568 831 576 851
15.5 567 831 576 853
20.0 564 822 576 850
17.0 559 820 573 840
19.5 556 820 569 846
21.0 552 818 565 847
16.0 549 823 567 837
15.5 555 825 571 840
17.0 558 831 570 853
18.0 563 833 578 854
19.0 566 836 582 858
18.5 571 839 580 867
17.5 572 837 578 866
18.5 569 835 582 859
19.5 568 838 584 861
18.5 564 836 584 853
18.0 562 833 576 855
13.5 559 837 568 855
18.0 558 832 572 854
20.0 558 828 572 854
18.5 554 830 568 853
20.0 554 826 571 849
19.0 553 825 568 848
14.0 555 827 568 842
16.5 556 828 578 839
20.0 561 830 573 858
17.5 566 834 578 857
16.5 568 838 577 862
16.5 567 839 581 858
20.5 566 829 580 856
20.5 557 832 574 856
15.5 562 828 575 846
17.5 561 821 572 845
18.0 563 821 573 847
17.0 562 828 575 849
18.5 565 825 578 849
16.0 561 832 574 851
20.0 560 830 575 855
21.0 562 827 575 856
18.5 561 832 577 853
17.0 565 833 578 854
20.5 568 833 585 857
19.5 570 835 581 863
19.5 572 837 585 863
19.0 571 836 585 860
18.5 571 832 586 854
18.5 568 834 590 849
16.0 570 827 582 847
17.0 566 832 582 850
17.0 570 828 583 849
17.0 572 828 582 852
15.5 571 829 582 849
18.5 565 827 580 849
18.5 562 819 574 844
19.0 558 816 571 841
19.5 556 816 570 841
18.0 552 814 566 836
18.0 552 812 562 838
21.5 549 811 567 836
19.0 549 812 561 838
19.0 546 808 557 835
14.5 549 809 558 829
16.0 545 814 560 831
19.0 548 813 563 836
16.5 556 824 571 842
15.5 564 822 576 841
15.0 566 829 575 850
18.5 568 823 577 851
17.0 560 820 574 840
20.0 554 815 572 837
19.0 547 807 555 837
12.0 545 807 553 823
21.0 537 792 556 815
13.5 538 797 554 808
17.0 538 804 553 823
12.0 544 812 561 819
16.5 547 808 563 825
17.0 555 820 572 837
15.0 566 823 580 839
15.5 571 829 585 846
17.0 572 831 587 850
12.5 566 830 575 846
17.0 556 821 564 847
18.5 554 811 565 837
15.0 544 811 559 826
17.0 539 808 560 821
19.5 542 814 559 836
20.5 545 816 563 839
19.5 549 812 565 835
19.5 546 812 560 837
19.5 551 813 566 837
16.5 552 817 566 836
17.5 554 819 572 836
16.5 549 822 570 834
20.5 551 816 567 841
18.5 552 822 569 842
14.5 552 824 568 837
20.0 551 815 565 841
21.5 549 810 566 836
18.5 547 813 562 835
15.0 545 817 558 834
15.5 544 812 557 830
18.5 539 811 555 832
17.0 540 811 554 831
19.0 541 814 555 838
21.0 545 808 559 836
