10.5 579 812 581 831
4.5 575 816 577 823
7.0 576 815 580 825
10.5 575 813 581 828
11.5 575 816 587 827
8.0 579 816 586 825
10.0 577 815 589 823
7.0 574 817 579 826
10.0 580 813 586 827
8.5 581 820 590 828
8.5 584 822 590 833
9.5 587 821 594 833
7.0 587 823 592 832
7.0 585 823 590 832
10.0 580 817 590 827
6.0 573 820 585 820
8.5 570 809 582 814
8.5 566 804 574 813
7.5 560 798 568 805
10.0 552 793 564 801
6.5 554 784 556 795
10.5 546 790 562 795
8.5 551 791 557 802
9.0 558 802 566 812
9.5 563 812 577 817
8.0 559 811 573 813
6.5 555 802 562 808
7.5 552 803 566 804
8.5 560 801 570 808
8.5 565 809 576 815
8.5 568 812 577 820
10.0 568 814 582 820
6.5 571 821 581 824
6.0 576 820 577 831
5.5 579 817 579 828
7.0 575 818 577 830
7.5 571 819 580 825
5.5 571 820 577 825
6.5 570 821 582 822
4.5 576 818 582 821
7.0 578 817 580 829
5.5 577 819 581 826
7.5 576 818 581 828
7.5 570 817 576 826
8.0 572 810 574 824
7.5 570 808 573 820
5.0 574 814 575 823
8.5 573 813 577 826
8.5 574 818 582 827
8.5 576 817 580 830
8.0 575 821 583 829
7.0 576 817 580 827
8.0 574 820 581 829
9.0 574 820 583 829
8.5 573 820 582 828
9.5 572 820 582 829
13.0 568 820 580 834
9.5 570 819 579 829
9.5 569 819 577 830
10.0 571 819 581 829
13.5 571 813 579 832
10.5 571 818 579 831
10.0 568 820 578 830
9.0 567 812 577 820
9.0 566 810 570 824
9.5 563 809 572 819
6.5 568 812 570 823
8.0 570 812 573 825
6.0 570 817 575 824
10.0 566 818 575 829
7.5 568 814 578 819
4.5 568 818 576 819
8.5 569 808 572 822
12.5 560 805 570 820
10.0 563 805 571 817
11.5 557 809 567 822
7.0 565 810 569 820
8.0 567 809 571 821
6.5 564 810 571 816
11.5 563 804 569 821
11.0 562 804 572 816
8.5 563 808 570 818
10.5 560 807 571 817
7.0 567 812 576 817
9.5 571 808 575 823
6.5 570 814 574 823
9.0 570 808 576 820
10.5 569 804 575 819
9.0 570 810 578 820
8.0 570 808 575 819
11.5 561 807 575 816
8.0 565 806 573 814
10.5 560 808 574 815
11.0 557 803 569 813
9.5 552 801 563 809
11.5 554 795 561 811
11.0 557 796 565 810
7.0 561 803 566 812
8.0 563 806 568 817
10.5 564 802 571 816
10.5 561 803 568 817
10.5 560 805 569 817
8.5 559 802 569 809
6.5 563 798 568 806
10.5 561 800 572 810
13.0 561 800 570 817
10.0 563 802 569 816
9.5 561 799 568 811
9.0 561 800 571 808
63.0 437 505 501 567
9.5 553 798 564 806
7.5 552 802 562 807
8.5 552 799 564 804
7.0 555 798 564 803
6.5 558 799 565 805
6.0 560 801 567 806
1.0 599 786 604 779
8.0 562 799 567 810
1.0 599 782 598 785
7.5 562 800 566 811
152.0 597 778 502 569
8.0 562 801 567 812
153.5 598 777 502 566
13.0 561 798 572 813
11.5 561 802 571 815
7.0 567 804 567 818
7.5 563 804 569 813
7.5 560 799 564 810
9.5 552 795 562 804
152.5 590 781 500 566
8.5 553 795 562 803
8.0 553 799 562 806
4.0 554 799 559 802
6.5 558 803 563 811
9.0 558 804 569 811
9.5 558 803 569 811
9.5 560 804 567 816
10.5 557 806 567 817
8.5 554 801 560 812
9.5 553 797 562 807
11.0 548 797 564 803
13.5 548 794 566 803
7.5 549 803 559 808
8.5 556 806 563 816
10.0 560 802 569 813
13.0 559 807 573 819
12.5 565 801 577 814
11.5 563 806 577 815
12.5 559 808 574 818
11.0 558 808 572 816
12.0 558 802 571 813
11.0 554 804 568 812
6.5 555 800 559 809
12.5 549 796 562 808
11.0 551 792 565 800
8.5 555 793 562 803
11.0 550 793 561 804
5.5 556 801 562 806
6.0 560 804 566 810
8.5 558 798 565 808
10.5 557 791 561 808
10.5 553 794 563 805
8.5 560 796 563 810
12.0 559 797 573 807
7.0 566 800 569 811
7.0 567 806 572 815
10.5 569 802 578 814
9.0 568 803 574 815
11.5 568 804 576 819
8.5 566 809 571 821
2.0 571 811 576 810
5.5 572 806 579 810
10.0 573 805 577 821
4.5 577 806 582 810
8.5 572 804 581 812
11.5 603 787 613 800
10.0 569 799 580 808
7.5 566 800 575 806
4.0 570 802 577 803
8.0 569 798 572 811
7.5 569 799 571 812
11.0 567 800 571 818
6.5 567 800 571 809
10.5 567 800 569 819
9.5 565 802 573 813
9.5 562 805 571 815
8.0 566 802 570 814
10.5 557 805 572 811
8.5 557 806 565 815
8.5 554 806 566 811
6.0 559 803 559 815
7.0 558 803 562 813
8.5 556 807 566 814
8.5 559 808 567 817
12.0 555 800 563 816
7.5 561 802 564 814
10.0 558 802 564 816
8.5 560 801 563 815
8.0 564 806 570 816
11.0 561 806 575 814
12.0 568 811 578 825
10.0 569 816 582 823
9.5 574 815 582 826
10.5 568 817 578 828
7.5 565 819 575 824
10.0 566 814 576 824
8.5 568 814 575 824
7.5 577 817 579 830
6.5 583 824 586 834
7.5 581 829 588 837
6.5 585 832 590 840
9.5 579 826 587 837
12.5 575 820 586 834
9.5 568 825 578 834
12.0 578 821 590 833
11.5 570 818 581 830
9.5 561 809 573 816
152.5 606 766 502 565
7.5 553 792 561 799
9.5 542 780 550 791
8.5 543 780 553 787
8.0 548 785 556 793
7.5 552 795 562 800
8.0 555 793 561 803
8.5 560 797 566 808
13.0 559 808 571 822
8.0 569 818 578 825
12.0 570 819 584 829
7.0 584 819 589 828
6.0 581 823 586 830
10.5 578 823 592 830
5.0 581 821 584 828
2.0 622 792 622 796
6.5 580 821 580 834
10.5 577 821 581 838
10.0 575 823 584 834
8.5 572 822 580 831
6.5 575 823 582 829
9.5 577 820 582 834
8.0 578 818 585 827
8.5 573 816 580 826
11.5 569 812 578 826
11.0 566 811 580 819
9.0 564 812 575 819
8.0 571 810 577 820
9.5 571 814 579 825
9.5 577 817 584 829
8.5 582 824 590 833
11.0 588 827 591 846
8.0 591 826 594 839
7.5 582 829 590 836
8.5 586 823 594 832
10.5 583 822 592 834
7.0 589 820 591 832
8.0 582 817 587 828
7.0 579 820 585 828
9.0 575 815 584 824
7.5 577 809 579 822
5.0 568 819 580 817
7.5 572 813 579 821
7.0 575 815 580 824
8.0 577 805 575 823
8.0 572 810 581 817
6.5 571 813 577 820
8.0 572 803 579 812
12.5 560 799 569 815
6.0 556 802 562 808
5.5 553 799 562 801
8.0 557 793 565 801
8.5 554 797 561 807
9.5 555 795 563 806
6.5 549 800 561 801
9.0 549 796 561 802
11.0 552 794 562 806
10.5 548 793 554 808
7.0 547 791 550 802
7.5 545 789 549 800
7.0 546 793 549 804
8.0 545 789 548 802
8.0 544 791 545 806
5.5 543 791 544 801
9.5 542 785 552 794
9.0 545 785 550 798
5.5 545 788 552 792
8.5 547 788 552 800
8.5 548 793 548 810
8.0 550 797 558 805
8.5 554 797 562 806
8.5 552 798 559 808
10.5 553 799 564 809
11.5 548 795 558 808
10.0 546 796 554 808
9.5 546 795 554 806
9.0 543 792 552 801
6.5 547 793 551 802
5.5 547 794 552 800
8.5 546 792 549 806
9.0 546 788 551 801
7.0 550 786 550 800
10.5 546 793 561 799
7.5 552 793 560 800
5.0 556 794 560 800
8.5 555 792 563 801
9.5 555 788 560 802
9.0 551 802 561 810
12.5 549 794 559 809
7.0 551 799 556 808
8.0 547 803 558 808
152.0 598 773 501 566
10.5 549 798 564 804
8.0 554 802 562 810
