3.5 604 831 606 836
5.5 601 829 602 839
2.0 600 829 601 832
1.5 602 824 605 824
3.5 598 822 598 829
2.5 595 824 595 829
0.0 595 825 595 825
2.5 593 827 595 830
6.5 599 823 601 834
3.5 598 831 601 835
4.5 603 830 606 836
4.5 605 833 607 840
4.5 603 832 606 838
8.0 602 833 609 842
6.5 605 834 612 840
9.0 606 831 613 842
6.0 608 836 611 845
8.0 607 837 614 846
6.5 608 837 615 843
6.0 610 839 617 844
5.5 610 840 616 845
6.0 613 837 617 845
4.5 613 843 619 846
6.5 612 841 618 848
5.0 616 843 619 850
6.0 614 841 618 849
3.0 618 839 615 848
4.5 613 836 614 844
6.0 608 838 615 843
6.5 609 835 611 846
7.0 606 834 610 844
7.0 605 835 608 846
4.5 605 836 610 840
5.5 605 833 606 843
7.5 605 833 611 842
4.5 607 831 608 839
6.0 604 836 609 843
5.0 603 835 611 837
6.0 604 836 607 845
6.0 606 833 607 844
5.5 606 836 609 844
5.0 611 833 612 842
6.5 608 836 614 843
2.0 611 838 610 843
5.0 614 840 613 851
3.0 616 841 613 850
3.0 614 839 612 847
3.0 615 838 613 846
2.0 617 839 615 845
2.5 615 840 613 847
4.5 613 836 614 844
3.0 608 838 615 837
5.0 602 839 612 839
11.5 601 831 615 840
6.5 603 831 608 839
4.0 609 832 612 837
4.0 607 837 617 835
3.5 612 836 613 842
3.5 617 838 618 844
7.0 614 835 620 843
7.0 614 833 616 845
3.5 609 836 616 836
3.0 608 834 616 832
7.0 607 829 613 837
4.0 606 828 609 833
2.5 608 824 607 830
3.0 607 827 610 830
3.0 609 825 610 830
2.0 608 827 610 829
3.0 610 829 610 835
7.0 610 828 612 840
4.5 612 830 616 835
2.5 613 834 617 835
3.0 613 837 618 838
4.0 614 835 615 842
4.5 616 833 618 840
4.0 614 831 616 837
4.0 610 830 612 836
3.5 604 829 609 831
3.0 605 825 602 834
3.5 603 823 602 831
4.5 602 824 600 835
5.5 601 826 605 833
2.5 606 827 608 830
3.5 606 828 606 835
5.0 605 827 608 834
4.5 608 829 609 837
2.5 608 828 603 838
5.5 607 831 611 838
8.0 610 829 615 840
5.5 611 833 614 841
5.0 611 834 614 841
2.0 614 839 613 844
1.0 614 838 612 842
6.0 613 835 615 845
4.0 610 836 613 841
2.0 615 832 613 838
4.0 612 830 613 837
4.0 612 831 611 840
3.0 613 833 617 835
4.5 613 835 614 843
4.0 613 835 616 840
3.5 608 835 617 833
3.0 612 829 610 837
3.0 610 828 607 837
3.5 607 833 608 839
8.0 611 828 614 841
3.0 613 835 614 840
6.0 619 835 622 844
5.5 616 843 621 849
3.5 626 841 624 850
5.0 621 844 619 856
5.5 619 848 625 853
3.0 620 848 621 853
6.0 623 846 627 854
4.5 622 849 622 858
5.0 621 847 620 858
1.5 625 844 625 847
6.0 614 845 621 850
6.0 617 841 623 847
3.0 616 844 618 848
3.5 619 843 619 850
4.5 618 843 621 849
7.0 617 838 621 848
4.5 617 839 618 847
5.5 611 843 614 851
2.0 611 844 615 844
6.0 611 841 618 846
10.0 615 839 622 852
4.0 620 845 625 848
2.0 618 845 618 849
4.5 623 847 622 857
4.5 623 850 625 857
2.5 626 851 628 854
1.5 627 861 630 861
5.5 629 857 634 863
9.0 628 847 631 862
5.0 626 847 628 855
2.0 627 849 627 853
5.0 621 847 625 853
7.5 614 840 615 854
4.0 610 842 614 846
5.0 613 837 616 844
4.5 612 841 616 846
5.0 616 839 616 849
4.0 615 840 617 846
5.0 616 839 618 847
4.5 614 834 615 842
7.5 613 839 619 848
3.0 619 844 617 852
0.5 619 845 617 848
2.5 621 845 620 851
0.5 620 845 621 845
3.5 617 843 617 850
3.5 619 844 618 852
3.5 615 846 618 850
4.0 619 843 620 850
2.0 625 842 619 852
1.0 621 848 619 852
4.0 621 846 622 853
3.0 623 845 625 849
3.0 624 846 624 852
4.0 623 846 626 851
3.0 621 844 621 850
6.0 624 840 625 851
5.0 624 839 621 852
3.0 623 842 623 848
5.0 625 840 623 852
5.5 622 839 622 850
5.0 619 840 623 846
3.5 621 839 618 849
3.5 623 838 620 848
4.5 623 845 622 855
3.5 619 848 624 850
2.0 620 856 627 853
5.5 623 853 631 856
3.0 626 854 628 858
2.5 629 853 627 860
4.0 622 854 626 858
3.5 621 852 626 854
0.5 623 848 621 851
3.0 618 847 620 851
4.5 614 846 621 848
4.0 615 848 622 849
3.0 615 850 620 851
3.5 619 846 622 850
2.0 619 849 623 849
4.0 620 851 628 851
2.0 618 856 620 858
4.5 620 855 625 859
4.0 620 845 626 847
3.0 621 848 624 851
4.0 620 845 625 848
1.5 618 848 622 847
4.5 615 848 622 850
5.0 616 845 622 849
2.0 617 849 625 845
3.0 620 846 622 850
3.0 620 857 625 858
5.0 621 858 628 861
6.0 620 855 626 861
3.0 619 858 625 858
3.0 620 849 623 852
2.5 617 849 618 853
5.0 610 848 615 853
4.0 608 844 609 851
6.5 607 838 612 846
3.0 606 839 608 843
5.0 607 836 612 841
6.0 608 832 610 842
9.5 603 827 607 842
2.0 606 831 602 839
5.0 605 830 606 839
6.5 600 833 605 841
5.5 601 834 606 840
3.5 605 834 605 841
3.0 611 840 610 847
5.0 612 839 614 847
5.0 613 844 618 849
6.0 615 841 619 849
3.0 618 844 623 845
6.5 620 843 625 851
3.0 620 845 619 852
1.0 621 845 622 846
2.0 618 849 619 852
6.5 616 844 618 855
5.0 622 841 623 850
8.5 615 840 620 852
3.5 616 842 617 848
6.0 614 839 617 848
2.5 614 841 615 845
2.5 616 839 616 844
2.0 614 843 620 841
3.5 614 840 612 849
0.5 615 844 615 845
5.5 612 839 615 847
3.5 612 841 614 846
2.0 614 839 613 844
1.5 613 841 615 842
5.0 613 838 612 849
4.0 608 851 618 849
4.0 610 848 614 852
3.0 620 841 620 847
5.0 617 852 628 851
6.0 621 847 626 854
0.5 620 860 624 857
3.5 626 856 629 860
0.5 626 857 622 862
4.0 624 851 625 858
3.5 616 848 617 854
7.0 619 840 622 851
3.0 619 844 619 850
3.5 619 844 618 852
7.0 616 842 624 848
1.5 625 848 628 848
4.0 623 847 625 853
3.5 623 846 626 850
6.0 619 845 619 857
6.0 617 847 623 853
8.5 618 845 626 854
6.0 622 847 625 856
2.5 624 847 624 852
6.0 620 845 626 851
6.0 619 841 624 848
4.5 615 843 618 849
5.0 613 844 620 847
5.0 614 842 615 851
5.0 616 844 616 854
4.0 612 843 616 847
4.0 614 844 619 847
7.5 616 840 616 855
4.0 616 839 612 851
5.5 613 839 618 845
4.5 612 840 615 846
3.5 615 836 612 846
3.0 610 837 611 842
6.5 607 836 610 846
6.5 608 832 607 846
7.0 603 833 604 846
5.0 601 834 602 843
4.5 607 830 605 841
2.5 608 835 608 840
5.5 606 835 610 842
5.5 608 833 615 837
6.0 608 834 609 845
6.0 606 831 610 839
5.0 605 832 607 840
2.5 606 830 604 837
0.0 607 831 605 833
6.0 605 832 608 841
7.0 608 833 612 843
4.5 614 837 612 848
5.5 615 837 615 848
2.5 614 840 614 845
1.5 613 841 610 847
4.5 613 835 612 845
1.5 613 839 614 841
4.5 615 836 617 843
4.5 616 838 619 844
4.5 620 839 621 847
3.0 624 840 623 847
