16.5
56.5
13.0
56.0
13.5
55.0
13.0
10.5
11.0
56.0
12.0
12.0
12.5
56.0
15.5
56.0
14.0
57.0
13.0
56.0
17.5
55.5
13.0
11.0
10.0
12.5
14.5
11.5
12.0
15.0
14.5
8.0
14.0
16.5
10.5
14.0
14.0
14.0
12.5
13.0
14.5
17.5
16.0
15.0
15.0
17.0
13.5
13.0
14.0
14.0
15.0
12.5
14.5
16.5
14.0
10.5
13.0
11.0
15.5
11.0
10.0
10.0
10.0
9.5
8.5
12.0
9.5
11.5
11.5
13.5
12.0
11.0
9.5
15.5
9.0
12.0
12.0
11.0
12.0
14.0
13.5
14.0
12.5
17.0
10.5
11.5
13.0
10.5
9.0
12.5
59.0
10.0
10.5
11.0
13.0
16.0
17.0
13.5
15.0
16.0
10.0
18.0
15.0
14.5
20.0
19.0
18.0
18.0
15.5
13.0
14.5
16.0
15.0
15.5
13.0
15.0
14.5
13.0
11.0
12.5
13.0
13.0
11.5
12.5
12.0
14.0
13.5
13.5
11.5
13.5
10.5
9.0
15.0
13.5
14.5
17.0
13.0
9.5
14.0
12.0
11.5
14.0
15.0
13.0
141.0
14.5
52.0
14.0
12.0
12.0
13.5
13.0
13.0
9.0
11.0
9.0
13.0
13.0
12.5
14.0
10.5
14.0
11.0
