21.5
17.5
18.5
17.5
20.5
16.0
22.0
21.0
21.5
17.0
18.5
21.5
16.0
15.5
19.0
19.5
19.0
15.0
17.5
16.0
14.0
21.5
16.5
19.5
17.0
22.5
19.5
20.5
21.0
18.5
18.0
18.5
19.0
23.0
19.5
20.5
22.0
20.0
17.0
19.5
20.0
19.5
19.0
17.0
17.5
17.0
14.5
18.0
17.0
18.5
16.5
22.5
22.0
20.5
20.0
21.0
16.5
16.0
23.0
18.5
20.0
15.5
18.5
14.0
15.5
17.5
21.0
22.0
25.0
16.5
20.0
13.0
16.5
21.5
18.0
24.0
17.0
15.0
17.5
15.0
14.5
18.5
20.5
19.5
15.0
19.0
21.0
11.5
20.5
20.5
19.5
19.5
22.5
17.5
19.0
23.0
19.5
17.5
17.0
16.5
20.0
15.5
15.0
18.0
14.5
15.5
21.0
19.0
17.5
20.5
16.5
20.0
13.0
18.5
19.5
17.0
14.5
16.5
18.0
17.5
18.0
18.0
18.5
19.5
16.0
18.5
19.0
19.5
17.0
18.5
18.5
17.0
17.5
19.5
19.5
20.0
20.0
20.0
21.0
19.5
18.0
28.0
22.5
19.0
18.0
17.0
26.0
17.5
21.0
21.0
21.5
