19.0
21.5
26.5
16.5
23.0
20.0
21.0
22.5
20.0
20.0
20.5
20.0
17.0
23.0
19.0
18.5
20.5
20.5
23.0
22.5
20.5
21.0
20.5
21.0
20.5
24.0
22.0
21.0
26.5
23.0
20.0
21.5
22.0
24.5
20.0
23.5
22.0
20.0
23.0
20.5
26.5
18.5
22.0
18.5
16.5
20.0
19.5
20.0
19.5
23.5
23.0
19.0
21.0
23.0
21.0
23.5
20.5
20.5
22.0
20.0
23.0
21.0
24.0
56.0
19.5
56.5
20.0
24.0
20.5
62.5
19.5
53.0
22.0
22.0
50.0
24.0
21.5
21.0
56.5
23.0
24.0
21.0
22.5
19.5
19.5
20.5
24.5
21.5
24.0
19.0
19.5
21.5
21.0
23.0
18.0
21.5
21.0
19.5
20.5
21.0
21.5
22.0
19.5
21.5
21.0
18.5
20.0
20.0
20.0
20.5
21.5
21.5
20.0
21.5
23.0
21.5
21.0
21.0
19.5
57.5
19.5
56.0
17.5
20.5
20.5
19.5
26.0
14.5
22.5
18.5
22.0
21.0
22.0
18.0
20.5
21.0
18.5
20.5
20.5
20.0
24.0
20.0
20.5
20.5
20.0
21.5
20.5
20.5
23.0
19.0
21.0
20.0
17.5
20.5
19.5
21.0
20.0
20.5
