23.5
25.0
25.5
21.5
28.0
25.0
24.5
24.0
26.5
25.0
25.0
22.0
26.0
26.5
24.0
24.0
23.0
25.5
24.0
23.0
24.5
25.0
24.0
24.5
25.0
22.0
24.5
24.0
21.5
22.5
23.0
26.5
25.5
25.0
24.0
23.5
25.0
24.0
26.0
22.5
23.5
19.5
23.5
24.5
24.0
24.5
26.0
23.5
25.0
24.5
24.0
23.0
30.0
26.0
29.5
22.5
21.0
21.0
27.5
23.0
24.0
22.0
21.5
25.5
23.5
22.5
24.0
24.0
21.5
23.0
23.5
23.0
22.0
22.5
23.5
24.5
23.5
23.5
24.5
24.0
29.5
26.0
25.5
24.5
23.5
20.5
26.0
26.5
25.5
26.5
26.0
24.5
26.0
25.0
24.5
25.0
24.0
23.5
22.0
25.0
24.0
27.5
23.0
26.0
25.0
25.5
24.0
23.0
25.0
24.5
23.0
23.5
24.0
25.5
24.5
23.5
22.5
28.0
23.0
21.5
22.0
22.5
23.5
22.5
25.0
20.0
24.5
26.0
21.0
22.0
26.5
24.0
21.5
24.5
23.0
20.5
20.5
24.5
22.0
23.0
22.5
23.5
21.5
23.0
22.0
21.5
21.5
27.0
26.5
28.0
25.0
