27.0
25.5
20.5
24.5
24.5
28.5
23.5
24.5
27.0
24.5
27.5
25.5
28.0
27.5
27.0
29.0
27.0
28.5
28.5
28.0
25.5
28.0
28.5
27.5
31.5
28.5
27.5
29.0
25.0
26.0
27.0
27.0
28.5
27.0
26.5
26.5
26.0
26.5
27.0
25.5
24.5
25.0
24.5
24.5
24.0
23.5
24.5
24.5
26.5
24.0
25.5
25.0
24.0
24.5
26.0
26.0
26.5
25.5
26.0
24.0
25.0
26.0
24.5
23.0
26.0
24.0
24.0
26.5
24.0
25.0
25.5
27.5
26.0
27.0
25.0
24.5
25.0
25.5
26.0
26.0
27.5
27.5
26.5
26.5
27.0
27.0
27.5
27.5
26.0
28.0
26.5
26.5
25.0
25.0
24.5
24.5
24.0
26.0
25.5
23.0
24.0
24.0
26.5
22.0
25.5
25.0
25.5
26.0
25.0
24.0
25.5
26.0
27.5
26.5
26.0
25.5
25.0
26.0
25.5
23.0
26.5
27.5
25.0
25.0
25.0
24.5
26.5
25.5
24.5
24.0
25.0
26.0
25.5
25.5
25.5
23.5
24.0
24.0
24.5
24.5
25.0
26.5
