28.5
27.0
29.0
27.5
25.5
26.5
28.0
27.5
27.5
27.0
27.5
28.0
28.0
29.5
28.5
28.5
27.5
25.5
26.0
27.0
28.0
27.0
30.0
27.0
27.5
28.5
29.5
28.0
28.5
30.0
27.0
29.5
28.5
26.5
26.0
29.0
27.5
27.0
27.5
28.5
29.0
26.5
28.5
29.0
29.5
27.0
28.5
26.0
28.0
29.0
26.5
27.5
27.0
27.0
28.0
29.5
27.0
27.0
27.0
28.5
28.0
27.0
27.0
27.0
26.0
28.0
27.0
26.0
27.0
26.0
26.0
29.0
28.5
27.5
26.0
27.5
27.5
28.5
27.5
26.0
24.5
27.0
26.5
26.5
26.0
27.5
25.5
27.0
26.0
26.0
26.5
27.0
26.5
27.5
27.0
28.0
27.0
26.0
26.0
25.5
26.0
28.0
27.0
28.0
28.0
28.0
28.0
27.5
28.0
28.0
28.5
27.5
29.0
26.5
26.0
27.5
27.0
26.5
27.5
27.5
28.0
26.5
26.5
28.0
26.0
26.5
26.5
26.5
25.5
25.0
27.5
26.5
26.5
25.0
26.5
26.0
26.5
26.0
25.5
26.0
28.0
25.5
27.5
26.0
26.0
25.0
26.5
26.0
25.5
24.5
26.0
