30.0
29.0
29.5
30.0
29.5
29.0
31.0
30.0
29.5
28.5
29.5
29.0
30.5
30.5
29.0
29.5
28.5
29.0
29.0
29.5
28.5
30.0
29.0
28.5
30.0
30.0
29.0
29.5
30.0
28.5
29.0
27.5
29.0
29.5
29.5
29.5
28.5
29.5
30.0
30.0
29.0
29.0
29.5
30.0
30.5
29.5
29.5
30.5
28.5
30.5
28.0
30.0
30.0
29.5
29.5
29.0
29.0
28.0
29.5
30.0
29.5
29.0
30.5
27.5
29.5
29.5
30.0
29.0
30.5
30.0
29.0
30.0
30.0
29.5
29.5
30.0
28.5
31.5
35.0
30.5
31.5
30.0
41.5
34.5
34.5
36.5
34.0
29.5
35.0
33.0
32.5
31.0
31.0
31.5
30.0
31.5
29.0
30.5
30.5
30.0
29.5
29.0
29.0
30.0
29.0
27.0
28.5
28.0
28.0
29.0
30.0
28.0
28.5
28.0
29.5
28.5
29.0
29.0
30.5
28.0
29.0
30.5
30.5
29.5
30.0
29.0
29.0
29.5
29.5
29.0
28.5
29.0
29.5
28.5
30.5
30.0
28.5
29.5
28.5
30.0
29.0
30.5
29.5
29.0
29.5
29.0
30.0
31.0
29.5
31.0
31.0
