29.5
30.5
31.0
28.0
31.5
30.0
31.0
29.0
30.0
32.0
31.5
31.0
29.0
29.5
29.0
29.0
31.0
29.5
29.5
31.5
31.5
30.0
30.5
30.5
31.5
30.5
32.0
30.5
31.5
31.0
30.0
30.5
29.5
31.5
30.0
30.5
31.0
31.0
29.0
30.0
29.5
29.5
29.5
30.0
29.5
33.0
30.5
31.0
29.0
29.0
31.5
31.5
31.5
32.0
32.5
33.0
31.5
31.0
31.5
32.0
31.0
31.5
32.5
33.0
31.0
31.0
32.0
31.5
30.5
32.0
31.5
33.0
31.0
32.0
32.0
31.0
32.5
32.0
31.0
31.5
31.5
32.0
30.5
30.0
31.0
31.0
29.5
31.5
30.5
29.5
29.5
32.5
31.5
31.0
31.0
30.5
30.0
30.5
29.5
30.5
30.0
31.0
30.0
31.5
30.5
30.0
30.5
30.5
31.5
31.5
30.5
31.5
30.0
31.5
29.5
30.5
30.0
31.0
31.0
30.5
31.0
30.5
29.5
30.0
29.5
30.5
30.0
31.5
30.0
30.0
30.0
30.5
31.0
32.5
30.0
31.0
31.5
30.0
31.0
31.5
31.0
31.5
32.0
31.0
30.0
30.0
32.0
30.5
30.5
30.0
32.0
