32.0
32.5
31.5
33.5
33.5
32.0
33.0
31.0
32.0
32.0
33.0
32.0
31.5
31.5
31.5
33.0
33.0
30.5
31.5
33.0
32.5
32.5
32.0
32.5
31.0
32.5
31.5
33.0
32.5
31.5
32.5
31.0
32.5
32.0
33.5
31.5
31.0
32.5
32.5
32.5
32.0
32.5
33.0
33.0
31.5
31.5
31.5
33.5
31.5
32.5
31.5
32.5
31.5
32.0
31.0
33.5
32.5
33.5
31.5
32.0
34.5
32.5
31.5
31.5
31.5
32.5
32.0
32.0
32.0
32.0
31.0
32.0
31.5
32.0
31.5
32.0
32.0
33.5
32.5
30.5
32.5
33.0
33.0
32.0
32.0
33.5
33.0
33.5
33.0
33.5
34.0
33.0
32.5
33.0
32.5
32.5
33.5
33.5
33.0
32.0
31.5
32.5
31.0
33.0
32.5
33.0
33.5
33.5
33.0
33.0
33.5
32.5
31.5
32.5
32.5
32.0
33.0
32.5
34.0
33.0
33.0
32.5
32.0
32.5
32.5
33.0
33.0
33.0
31.0
33.0
32.0
32.5
32.0
32.0
33.5
33.0
33.0
33.5
33.0
32.0
32.5
32.0
32.0
31.5
31.0
31.5
32.0
32.5
32.0
32.5
31.0
