33.0
34.0
33.0
33.0
34.0
33.5
34.0
35.0
33.5
33.5
33.5
34.0
34.5
34.5
33.5
33.5
33.5
34.0
34.0
33.5
34.5
33.5
34.0
35.0
34.5
34.0
34.5
35.5
34.5
34.5
34.0
34.0
33.5
33.0
33.5
32.5
32.5
34.0
32.5
33.5
33.5
35.0
34.5
36.0
34.5
35.5
35.0
34.0
34.0
34.5
35.0
33.5
33.0
33.5
34.0
33.5
32.0
34.0
32.5
33.0
34.0
35.0
34.0
33.0
33.5
33.5
33.5
33.5
33.5
36.0
33.5
33.5
34.5
34.0
33.5
33.0
33.5
33.0
33.0
35.0
33.0
35.0
33.5
33.5
33.5
33.0
35.0
34.5
33.5
33.5
34.0
33.0
34.0
34.5
34.0
34.5
34.5
34.5
35.0
35.0
35.0
35.0
33.5
33.5
34.5
35.0
33.5
33.5
33.5
33.0
33.5
34.5
35.5
34.0
34.0
33.5
34.0
34.0
33.0
34.0
34.0
35.0
34.5
33.5
34.0
33.5
34.0
34.0
35.0
34.0
33.5
33.0
35.0
33.5
33.0
33.5
33.5
34.0
34.0
32.5
33.0
33.5
35.0
33.5
33.5
34.0
34.5
34.5
33.5
33.0
34.5
