110.0 443 969 533 1099
96.5 446 1000 526 1113
106.5 439 997 540 1109
114.5 442 991 537 1125
98.5 452 1021 556 1114
108.5 452 1011 563 1117
104.5 452 1010 551 1120
107.0 455 1009 562 1116
92.5 446 1034 552 1113
122.0 464 999 569 1138
114.0 465 1031 579 1145
112.0 477 1024 587 1138
104.0 459 1049 578 1138
115.0 461 1032 574 1149
118.0 444 1029 556 1153
117.5 429 1036 561 1139
125.5 425 1006 541 1141
117.0 407 1031 540 1132
135.5 421 1014 550 1156
129.0 416 1028 552 1150
126.0 420 1033 554 1151
119.0 405 1066 554 1155
127.0 423 1036 560 1153
120.5 432 1055 553 1175
113.0 425 1056 553 1154
118.0 440 1055 557 1174
124.0 435 1047 566 1164
118.5 442 1038 569 1148
115.0 435 1048 571 1142
117.5 433 1027 545 1150
115.5 426 1040 556 1141
115.5 437 1030 556 1142
131.0 410 1029 551 1150
129.0 413 1025 557 1139
124.0 415 1012 521 1154
113.0 402 1024 533 1119
127.5 402 1008 524 1141
131.5 393 1012 525 1143
128.5 386 1026 513 1156
132.5 384 1012 522 1139
124.5 384 1016 511 1138
124.5 378 1024 518 1133
118.0 392 1019 509 1138
127.0 389 996 513 1126
111.5 381 987 475 1116
123.5 370 997 495 1119
120.5 372 992 485 1120
125.5 365 1009 507 1118
129.0 369 1007 505 1129
120.5 354 1008 476 1127
132.0 334 1011 476 1133
121.5 359 985 465 1122
131.5 347 984 459 1135
132.0 356 990 484 1126
137.5 329 1007 474 1137
130.5 352 999 504 1108
123.5 359 1003 498 1111
129.0 356 1014 488 1140
125.0 372 1024 495 1151
128.0 394 1010 511 1149
119.5 400 1009 519 1129
130.5 395 1011 518 1149
128.0 387 1030 534 1139
124.0 394 1030 534 1138
126.0 387 1031 528 1142
124.5 392 1040 550 1131
127.0 401 1023 523 1155
127.0 405 1035 535 1159
135.0 408 1029 546 1161
126.5 426 1037 539 1177
129.5 422 1045 549 1177
123.0 437 1037 569 1151
125.5 421 1042 560 1154
120.0 433 1042 559 1156
116.5 420 1035 551 1137
120.0 411 1028 532 1147
129.0 400 1041 557 1142
121.0 404 1028 530 1144
127.5 401 1019 550 1125
138.5 399 1012 551 1137
133.5 402 1020 548 1141
135.0 390 1017 527 1150
138.0 387 999 528 1134
132.5 388 1010 521 1142
124.5 391 1027 523 1144
134.5 378 1015 515 1147
132.5 376 1026 508 1159
146.5 367 1003 495 1168
139.0 360 1005 492 1151
151.5 348 982 488 1145
141.5 329 1006 495 1123
160.0 344 962 482 1144
152.5 327 999 466 1165
142.0 338 992 484 1130
141.0 344 991 463 1154
147.5 314 1002 463 1148
148.0 347 987 487 1143
144.5 326 1015 485 1145
140.0 336 1013 470 1159
143.5 344 1009 513 1127
133.0 335 1017 484 1134
127.0 336 1004 475 1119
141.5 312 989 496 1088
144.5 330 972 503 1088
150.5 325 969 485 1110
147.0 350 975 512 1107
138.0 335 1002 477 1136
145.0 319 995 468 1136
131.5 310 1007 471 1109
128.5 335 972 454 1110
143.5 325 982 450 1144
142.5 497 847 500 559
132.5 341 1000 445 1161
134.5 371 988 480 1148
119.0 371 1032 486 1155
134.0 369 1038 522 1153
143.0 391 1028 546 1159
145.5 409 1034 536 1198
135.0 417 1048 565 1170
140.0 406 1055 547 1194
126.0 402 1066 551 1169
148.5 420 1037 547 1207
139.5 393 1053 545 1180
132.0 407 1042 557 1156
128.0 384 1075 541 1174
136.0 375 1074 535 1186
138.5 377 1066 530 1190
134.0 362 1093 528 1195
132.0 383 1061 521 1187
123.0 378 1062 533 1153
137.0 385 1029 541 1147
150.0 371 1027 501 1197
135.0 375 1035 523 1157
123.5 359 1050 514 1142
139.0 364 1028 502 1168
124.5 387 1010 491 1155
129.5 387 990 520 1116
140.5 355 1003 503 1136
147.5 376 1002 515 1158
139.0 368 1024 492 1178
139.5 372 1027 501 1177
136.5 356 1089 540 1178
144.0 421 1026 560 1175
137.5 397 1045 536 1181
137.5 410 1036 515 1206
139.0 412 1021 527 1184
131.5 415 1053 537 1194
138.0 419 1050 552 1193
131.0 416 1062 571 1169
130.5 449 1070 569 1211
130.5 451 1066 567 1211
117.5 458 1081 581 1193
138.0 455 1071 584 1218
126.5 468 1041 561 1201
122.5 460 1059 589 1175
126.0 450 1077 575 1204
121.0 481 1084 595 1212
123.5 478 1106 597 1234
123.5 476 1109 586 1246
127.0 501 1075 594 1236
131.0 482 1102 596 1250
129.0 475 1098 593 1238
136.5 473 1100 598 1248
126.0 480 1108 630 1210
121.5 469 1116 621 1207
119.5 476 1109 608 1216
122.0 474 1105 606 1217
128.0 467 1109 609 1223
131.0 464 1106 612 1220
111.5 482 1090 613 1182
125.0 469 1094 602 1211
137.5 451 1097 624 1199
138.5 457 1080 605 1209
127.5 438 1091 540 1244
137.0 459 1055 611 1177
142.5 461 1058 566 1238
113.0 449 1109 586 1198
138.5 456 1087 579 1241
129.0 446 1113 610 1207
139.5 458 1077 597 1217
129.5 454 1103 589 1227
138.5 441 1093 589 1222
124.5 433 1085 565 1202
130.0 437 1064 561 1200
135.0 423 1074 568 1199
120.0 444 1066 558 1192
127.0 437 1066 564 1193
127.5 450 1038 558 1185
119.5 429 1074 550 1192
120.0 466 1065 574 1197
148.0 458 1072 592 1234
123.5 473 1094 591 1223
127.5 470 1094 591 1228
132.0 454 1090 592 1216
126.0 467 1071 587 1203
129.5 454 1081 582 1212
140.5 446 1074 588 1213
116.0 447 1082 555 1206
132.5 440 1073 564 1214
129.0 425 1070 562 1191
136.0 422 1064 568 1190
132.5 426 1071 557 1205
111.5 468 1069 554 1206
132.0 442 1089 576 1219
138.5 436 1084 572 1225
123.5 450 1069 569 1197
123.5 446 1064 550 1207
128.0 420 1058 558 1176
134.5 420 1042 544 1187
137.0 420 1063 548 1209
126.5 468 1042 559 1204
129.0 435 1065 561 1197
130.5 440 1049 555 1195
122.5 442 1052 556 1183
121.0 448 1050 558 1182
113.5 474 1025 571 1155
117.0 441 1037 557 1155
126.0 430 1035 544 1173
113.0 432 1036 566 1128
114.5 446 1035 552 1158
120.0 429 1039 543 1165
113.5 425 1032 555 1129
119.0 415 1023 530 1146
124.0 423 993 538 1126
123.5 390 1013 531 1119
127.0 396 993 515 1128
123.0 371 991 504 1104
111.5 378 995 486 1110
116.5 373 980 501 1085
118.0 376 977 480 1109
124.5 368 988 497 1108
127.0 383 990 492 1135
115.0 387 988 507 1098
138.0 356 976 486 1122
119.0 379 959 465 1111
127.0 374 973 482 1119
135.5 367 974 478 1134
129.5 357 995 489 1122
128.5 367 1005 484 1145
139.5 362 1008 497 1152
133.5 375 987 500 1129
132.5 358 1000 495 1128
132.0 371 987 494 1128
138.5 352 984 489 1124
140.0 347 989 489 1127
136.0 351 1004 483 1144
135.0 363 1005 498 1140
156.5 358 1008 513 1166
136.0 379 991 498 1144
144.0 366 988 523 1119
135.5 366 998 514 1121
130.0 395 970 506 1119
98.5 535 903 513 1122
126.5 361 976 487 1103
131.5 360 971 489 1105
138.0 369 986 504 1127
126.5 407 1023 562 1121
127.5 411 1034 556 1144
132.5 452 1022 560 1179
129.0 436 1042 579 1157
124.0 434 1061 577 1166
136.0 439 1064 582 1193
130.5 428 1070 561 1198
136.0 437 1070 563 1216
125.0 449 1088 575 1212
129.5 449 1057 584 1181
126.5 424 1057 568 1166
119.5 435 1053 555 1172
122.0 434 1045 559 1164
126.0 430 1049 563 1168
123.0 412 1069 551 1176
124.5 422 1076 572 1175
125.0 446 1053 574 1175
124.0 455 1043 544 1202
130.5 434 1045 567 1173
121.0 433 1043 567 1151
144.0 423 1040 579 1172
133.0 431 1053 567 1183
107.0 458 1058 570 1160
108.5 453 1069 573 1166
116.5 463 1063 592 1167
124.5 455 1046 582 1168
120.5 461 1035 576 1161
120.5 465 1035 583 1158
118.5 457 1042 570 1166
116.0 456 1039 575 1152
123.5 448 1027 578 1144
127.0 451 1021 563 1163
120.5 451 1031 567 1156
120.5 449 1044 560 1174
121.5 446 1047 577 1159
112.5 450 1056 570 1161
115.5 444 1044 582 1137
115.5 457 1052 584 1156
