120.5 368 887 479 1017
125.5 337 916 466 1038
125.5 334 924 471 1038
109.5 349 925 465 1028
96.5 363 904 453 1007
119.5 346 915 476 1024
111.5 337 924 460 1024
106.0 344 925 448 1033
111.0 346 924 457 1035
117.5 342 909 472 1014
123.5 328 915 464 1026
119.0 337 915 468 1022
97.5 343 926 450 1014
121.0 340 925 454 1053
115.0 340 924 465 1029
117.5 353 922 451 1059
118.0 352 921 459 1050
114.5 338 925 470 1022
116.0 345 917 459 1035
112.5 342 913 450 1030
110.0 345 918 461 1022
107.5 342 915 447 1025
100.0 341 919 434 1026
114.0 362 868 430 1028
111.5 339 917 446 1033
129.5 344 880 443 1040
111.0 341 925 461 1027
115.5 333 908 444 1028
107.0 326 916 433 1023
103.5 321 920 428 1020
102.5 333 904 445 997
111.5 327 911 438 1023
105.5 339 919 439 1030
110.5 338 921 458 1022
102.0 343 918 438 1027
111.5 338 916 448 1029
113.5 318 930 446 1029
106.5 338 926 446 1031
103.0 354 925 444 1041
111.0 328 953 469 1034
111.5 334 939 461 1035
108.5 329 928 427 1047
108.5 324 936 427 1050
113.0 330 937 443 1050
119.5 336 935 447 1063
115.5 345 938 439 1075
117.0 338 945 445 1072
103.0 346 940 440 1052
115.0 340 939 446 1063
109.0 333 932 435 1048
104.5 330 911 426 1024
102.5 319 913 415 1022
719.5 448 790 1312 1365
107.0 302 907 451 972
117.0 306 912 432 1020
109.5 302 922 431 1012
112.0 327 917 452 1016
108.0 304 912 412 1020
101.0 308 904 402 1012
105.0 278 925 407 1006
116.0 288 898 434 984
760.0 441 784 1341 1404
98.0 309 887 428 964
121.0 305 893 427 1013
107.0 298 915 415 1012
114.5 329 904 452 1010
113.0 302 913 435 1006
111.0 316 906 419 1025
110.5 294 911 420 1006
108.0 295 917 409 1019
104.5 303 916 410 1018
100.5 323 902 409 1017
111.0 299 910 418 1013
99.5 314 913 441 985
102.0 307 905 414 1002
99.0 311 911 418 1002
102.5 301 913 428 991
108.0 309 909 427 1007
109.5 322 908 429 1020
105.5 336 914 446 1015
101.0 336 936 461 1013
108.0 341 922 458 1021
106.5 332 917 435 1027
106.5 324 912 437 1012
108.0 314 908 431 1007
104.5 331 901 435 1006
101.5 337 911 429 1022
104.5 329 939 453 1024
103.5 342 931 446 1034
97.5 335 936 434 1032
116.0 328 936 454 1042
111.0 322 921 439 1026
103.0 330 937 442 1031
103.0 323 943 444 1028
104.0 340 929 448 1029
109.0 335 935 454 1034
120.0 331 924 453 1042
107.0 328 914 436 1020
108.0 451 793 436 1024
114.5 318 931 431 1047
118.0 339 917 438 1054
108.0 321 941 431 1047
108.5 321 920 437 1021
104.0 325 924 441 1016
102.5 338 916 443 1016
108.0 344 901 446 1015
105.5 334 887 420 1012
105.5 314 887 420 992
106.0 314 874 416 984
98.5 316 887 418 982
107.0 324 869 420 987
109.0 311 871 407 993
118.0 306 879 430 991
114.0 315 874 423 994
112.5 308 880 418 995
117.0 314 872 428 992
113.0 302 868 414 982
121.0 294 878 425 989
100.5 294 885 401 979
105.0 296 878 409 975
102.5 292 879 400 976
102.5 294 882 404 977
100.5 300 880 407 974
106.5 295 883 407 984
103.5 301 879 397 990
105.5 308 878 406 991
115.5 306 886 423 1000
107.0 310 882 409 997
111.5 301 879 411 992
109.0 305 885 411 997
112.5 299 887 409 1002
110.5 295 894 405 1005
102.0 298 892 379 1015
107.5 306 897 411 1007
106.5 295 906 404 1010
102.5 288 915 393 1015
120.0 279 909 410 1018
108.5 287 918 401 1021
114.0 288 915 424 1007
105.5 285 923 413 1006
118.0 283 920 429 1010
102.5 319 910 423 1011
115.0 332 912 437 1037
104.5 329 945 456 1027
106.5 334 929 446 1030
116.0 329 935 466 1030
105.0 338 937 447 1038
99.0 338 932 428 1040
107.0 341 928 451 1032
102.0 332 938 448 1026
97.0 343 931 452 1016
104.5 333 933 438 1037
111.0 350 916 455 1033
113.5 323 922 450 1022
101.5 328 921 444 1008
112.0 332 920 459 1017
102.5 338 919 440 1022
113.0 323 922 445 1026
103.0 340 918 448 1016
110.5 339 919 454 1025
107.5 330 913 440 1018
112.0 330 913 431 1036
109.0 334 897 435 1014
101.0 332 909 435 1008
108.0 333 896 442 1003
103.5 331 909 439 1008
106.0 332 907 435 1016
107.0 325 905 419 1025
104.5 328 899 421 1015
109.5 324 907 432 1018
113.5 331 909 441 1026
110.5 326 925 436 1036
108.5 332 913 453 1009
112.0 313 921 425 1033
105.5 316 916 429 1014
111.0 310 916 425 1023
107.0 309 909 417 1015
109.5 310 917 419 1027
106.5 317 918 429 1019
128.5 465 730 426 1026
111.5 304 922 429 1020
112.5 307 924 428 1028
105.0 315 922 421 1026
123.0 304 904 435 1019
106.5 314 922 424 1025
111.5 316 922 434 1027
106.0 316 930 438 1020
121.0 312 928 444 1038
106.0 329 929 441 1029
107.5 336 927 434 1044
111.5 333 928 460 1024
111.0 330 935 455 1032
101.0 336 936 450 1024
109.5 335 926 453 1027
103.5 332 932 438 1033
96.0 340 926 462 996
106.0 335 935 452 1030
106.0 331 932 429 1046
103.5 327 933 430 1037
104.5 328 927 438 1026
104.5 323 941 437 1036
104.5 332 944 457 1028
107.5 337 936 457 1031
116.5 317 941 463 1028
103.5 331 938 476 1000
103.5 338 944 460 1029
103.5 330 937 448 1026
109.0 328 936 449 1033
116.0 329 930 463 1028
111.5 335 941 464 1035
98.5 360 922 454 1025
120.5 363 888 456 1036
101.5 335 942 448 1032
102.0 332 952 455 1033
91.5 335 949 466 1001
111.0 337 942 452 1049
108.5 332 943 447 1045
105.0 326 949 464 1021
112.5 332 938 458 1037
83.5 347 936 475 975
113.0 335 922 448 1035
115.5 333 939 474 1029
105.0 344 938 466 1026
114.0 329 934 466 1025
98.0 338 932 464 1002
117.5 364 924 476 1047
134.0 353 912 456 1077
124.0 339 939 481 1045
110.0 347 923 463 1027
116.0 344 926 478 1024
110.5 360 927 475 1033
104.5 364 923 464 1032
112.0 361 927 477 1035
105.0 357 927 471 1023
122.0 351 921 476 1040
126.0 348 916 469 1047
113.0 372 902 464 1036
99.0 362 934 466 1028
112.0 361 929 473 1041
120.0 347 947 459 1075
104.5 359 946 463 1051
107.0 356 946 462 1054
100.0 351 951 468 1034
102.5 356 947 459 1049
104.5 359 947 461 1054
114.0 349 944 463 1058
107.5 361 945 461 1060
112.0 361 945 465 1065
102.0 369 948 473 1048
101.5 365 945 460 1053
104.5 364 945 460 1058
106.5 362 952 457 1070
112.5 362 939 464 1062
109.0 367 935 457 1063
118.5 347 924 472 1036
105.5 340 946 476 1021
115.0 338 946 465 1049
112.5 360 931 466 1050
113.5 349 935 458 1053
96.5 342 940 477 998
114.0 325 931 460 1024
111.0 334 922 436 1042
109.5 332 917 441 1027
116.5 340 915 449 1039
107.5 338 930 458 1025
114.5 341 926 469 1027
112.0 331 945 608 892
103.5 336 942 457 1028
110.5 324 938 454 1029
113.5 331 930 454 1034
105.0 332 937 454 1025
110.5 325 944 456 1034
101.0 350 935 473 1014
107.0 342 942 468 1030
96.0 347 934 469 1004
106.5 332 944 451 1038
107.5 343 923 452 1029
108.0 331 939 454 1032
115.5 332 915 460 1018
114.5 324 920 456 1017
103.5 332 925 449 1015
112.0 336 910 453 1017
110.0 339 917 469 1007
102.0 341 916 445 1016
109.5 341 910 452 1018
115.0 332 906 439 1029
120.5 325 903 447 1022
125.5 322 908 448 1033
99.5 336 918 434 1019
