74.0 377 837 451 911
76.5 396 847 469 927
80.5 411 847 477 942
80.0 408 867 488 947
82.0 422 856 488 954
76.0 422 869 497 946
72.5 421 871 487 950
75.5 422 867 490 950
76.0 416 866 490 944
68.5 420 874 485 946
72.0 427 866 485 952
76.0 421 873 496 950
78.0 420 872 501 947
76.0 424 872 497 951
74.0 437 866 507 944
71.5 428 868 510 929
73.0 427 872 513 932
94.0 1118 1175 1218 1263
69.5 439 874 503 949
81.0 435 869 506 960
75.5 439 867 504 953
78.5 432 864 511 942
73.5 439 866 507 945
77.0 436 866 504 952
75.0 437 875 505 957
73.0 431 879 502 954
73.0 441 860 504 943
74.0 437 864 507 942
79.0 435 860 507 946
75.0 428 868 497 949
79.0 419 863 493 947
75.5 422 856 484 945
75.0 421 861 490 942
74.5 413 870 485 947
80.0 410 873 501 942
75.0 397 885 482 950
80.0 390 871 477 944
75.0 398 861 473 936
71.5 398 862 472 931
79.0 400 854 482 930
75.5 401 862 476 938
71.0 403 861 477 929
76.5 412 854 485 934
74.0 408 866 485 937
73.5 410 867 486 938
72.0 423 862 486 943
70.5 421 871 485 948
78.0 425 870 492 959
69.5 425 874 492 946
73.5 417 869 486 947
84.0 408 860 492 944
76.0 402 864 479 939
70.5 404 856 470 931
76.5 396 856 474 931
78.0 394 848 466 932
77.0 390 844 459 929
74.0 389 843 458 922
81.0 387 837 461 925
72.5 398 838 463 918
75.5 388 850 462 927
81.5 387 846 459 937
72.5 406 854 474 931
78.0 404 868 487 941
79.0 418 877 493 960
70.5 422 876 488 951
76.0 421 886 500 959
77.5 420 888 503 960
71.5 422 891 496 960
77.0 426 891 506 965
69.5 438 897 503 971
78.0 437 891 504 980
74.5 430 897 506 970
73.0 432 896 508 966
74.5 424 882 492 963
76.0 414 874 497 943
68.5 413 871 486 935
71.5 406 863 487 925
73.5 401 860 479 929
77.0 392 859 474 931
77.0 394 850 472 926
74.5 395 859 472 931
75.0 401 871 483 939
74.0 408 870 486 940
75.5 412 874 488 949
79.0 408 878 482 962
75.5 414 882 490 957
76.5 412 881 484 962
82.0 416 873 491 962
75.0 416 877 476 967
67.0 421 883 484 954
69.0 420 892 488 962
71.0 436 904 503 979
77.5 437 907 511 988
77.0 447 899 513 987
80.0 449 899 530 978
77.0 437 908 519 980
74.0 438 904 503 987
78.0 428 903 506 981
69.0 434 900 501 971
74.5 427 889 502 963
82.5 423 879 493 974
73.5 421 884 484 968
77.5 416 874 486 959
72.0 418 883 483 962
78.0 419 877 487 965
70.5 422 885 485 963
78.5 429 895 508 973
72.0 436 897 510 967
71.0 441 892 500 975
72.5 438 898 498 983
75.5 434 911 520 976
78.0 443 891 518 972
75.5 449 892 515 977
76.0 448 900 517 983
73.5 451 895 515 978
75.0 444 896 511 979
76.0 444 887 508 975
71.5 435 902 503 977
72.5 440 891 502 974
71.0 451 891 514 970
77.0 439 885 512 966
74.0 443 893 511 973
75.0 444 886 508 972
71.0 446 896 518 966
76.0 437 892 512 969
74.0 440 880 498 970
75.0 429 883 494 968
74.0 431 873 504 948
73.5 430 878 486 969
73.5 429 875 495 956
71.5 430 881 501 953
71.5 431 882 505 951
79.5 421 867 491 956
69.5 424 881 484 960
77.5 415 867 479 958
75.5 416 868 481 954
68.5 419 873 477 952
78.0 415 872 475 968
69.0 412 877 477 950
72.0 415 870 472 957
76.5 416 872 487 954
73.5 416 875 484 954
76.0 412 872 485 951
79.0 419 868 490 955
76.5 421 872 493 953
71.5 415 872 483 947
70.0 416 868 471 953
74.0 421 863 477 955
73.0 421 866 485 948
78.0 418 867 490 951
69.5 421 884 492 952
74.0 423 882 495 958
80.0 421 875 488 968
77.5 409 882 493 953
74.5 414 873 477 959
80.0 411 862 476 957
80.5 404 863 471 957
82.0 403 865 470 962
72.0 411 876 476 955
79.5 405 878 475 967
76.5 418 863 474 960
76.0 417 868 476 961
73.0 409 870 473 952
73.0 413 872 482 949
76.5 410 869 481 951
73.0 419 869 490 944
70.5 420 874 486 949
67.5 433 870 497 941
72.5 433 871 495 954
68.5 440 883 496 964
69.5 442 883 505 959
69.5 437 881 497 960
71.5 431 885 500 959
71.5 438 865 493 953
74.5 427 863 485 954
63.5 417 871 483 932
69.0 417 864 468 951
71.5 410 861 473 941
73.0 403 863 476 936
74.0 403 860 469 942
79.5 393 860 472 940
78.5 400 867 469 955
77.0 409 866 473 956
75.0 414 872 488 948
75.0 414 876 487 953
74.5 414 879 487 955
74.5 409 877 487 948
74.0 414 868 481 949
80.5 418 891 493 977
75.5 423 893 512 955
84.0 406 877 488 963
84.0 428 898 514 980
82.5 425 899 514 975
75.0 421 898 493 976
82.0 425 892 506 975
77.0 436 887 503 974
81.0 433 892 508 979
83.5 433 897 512 985
73.0 436 904 509 977
74.5 443 893 508 977
78.0 437 897 510 980
78.5 431 902 507 983
79.5 425 900 509 975
65.0 440 894 493 971
73.5 436 887 496 974
76.0 420 900 501 971
79.0 422 888 495 973
82.5 415 881 489 972
82.5 415 888 490 978
75.5 413 893 487 970
73.0 420 884 485 965
77.5 420 891 492 974
77.5 427 890 492 980
73.5 435 895 499 978
73.0 435 894 512 963
76.0 426 894 504 968
70.0 426 887 494 959
75.5 407 885 482 961
81.0 408 880 489 961
77.5 418 872 483 962
74.0 417 879 487 957
86.0 415 862 482 967
82.0 410 872 488 958
80.0 410 884 489 965
81.0 411 880 484 969
79.5 413 883 486 969
73.0 416 887 486 963
76.0 410 890 484 968
77.0 412 885 485 966
84.0 410 873 484 967
82.5 407 875 484 963
74.0 414 876 478 960
80.0 413 875 484 964
79.5 418 878 487 968
80.0 414 890 494 970
81.5 411 887 489 972
83.0 409 885 489 971
77.0 411 889 492 962
78.5 417 881 485 970
79.0 423 881 495 967
80.5 427 883 505 966
72.5 433 905 508 975
79.5 453 897 514 995
82.5 457 906 533 995
75.0 468 926 546 998
76.0 474 941 554 1013
74.0 486 943 563 1014
80.0 487 956 582 1021
77.0 485 953 573 1019
76.5 489 960 587 1015
66.0 494 957 564 1019
75.0 486 947 568 1015
74.5 486 942 560 1017
68.5 481 935 546 1007
72.5 481 927 548 1005
72.0 476 924 542 1002
77.0 463 919 547 989
74.5 468 910 533 994
52.0 1344 1393 1290 1343
70.0 457 918 520 995
52.0 1311 1365 1258 1314
77.5 453 897 518 987
72.5 443 898 513 973
76.0 440 889 503 978
81.0 438 876 502 974
78.0 424 879 498 961
81.0 419 877 486 972
71.0 422 879 482 961
74.0 422 874 493 951
75.0 430 875 494 961
67.5 440 884 504 955
69.5 441 871 493 958
73.0 435 880 500 961
69.0 441 883 493 969
78.5 442 880 503 976
75.0 438 889 503 974
70.5 437 893 513 958
73.5 433 893 511 962
73.0 436 896 513 965
77.0 442 898 533 961
78.5 439 898 526 968
77.5 439 895 523 966
71.5 440 896 507 972
70.0 438 894 502 970
78.5 444 878 493 986
74.5 437 893 506 973
75.0 443 885 507 971
70.0 443 897 510 970
71.0 434 895 510 961
78.0 443 892 524 967
79.0 433 892 510 973
73.5 441 881 506 963
76.5 424 876 504 949
75.5 427 872 487 963
82.0 415 867 492 954
72.5 414 880 487 952
76.0 422 871 487 958
74.0 423 884 499 956
79.5 414 886 510 949
