60.0 421 806 479 868
58.0 428 813 478 879
52.5 432 827 473 891
51.0 431 828 478 883
59.5 424 826 484 885
55.0 432 823 482 883
60.5 426 818 485 880
53.5 429 819 480 875
59.0 424 815 479 878
57.0 424 814 477 875
55.0 426 820 474 882
55.0 428 823 485 876
65.0 424 822 492 884
60.0 436 822 493 885
52.0 439 826 487 882
54.0 436 821 485 880
58.5 438 820 493 882
53.0 429 828 484 879
52.5 432 815 482 870
51.0 426 822 476 874
52.0 427 822 479 874
52.5 433 813 478 873
52.0 432 819 484 871
53.0 427 819 475 877
52.5 426 818 476 873
55.0 419 824 479 874
51.5 423 821 481 866
53.0 425 808 478 861
55.0 431 802 477 866
52.5 434 812 478 873
63.5 430 804 483 878
56.5 433 809 488 867
57.5 432 810 494 863
59.5 431 808 493 865
57.5 435 807 493 864
57.0 424 816 486 868
52.0 429 802 475 860
55.0 425 801 472 864
51.5 425 811 469 870
56.5 417 796 466 860
54.5 408 790 466 841
55.0 406 792 467 841
57.5 413 791 470 849
59.5 424 788 477 854
55.5 428 795 473 861
56.0 426 795 475 858
57.0 426 798 474 864
56.5 421 799 469 864
58.0 422 797 470 865
54.5 427 803 473 866
57.0 421 808 472 871
49.0 425 811 474 860
48.5 421 816 474 860
53.5 431 809 477 870
52.0 433 807 473 871
52.5 424 811 471 869
54.0 425 809 470 872
52.5 423 827 475 880
52.5 426 827 486 872
56.0 427 822 485 876
54.5 429 813 469 882
54.0 430 808 475 871
60.5 423 818 476 886
58.0 428 819 482 881
54.0 429 817 477 877
54.5 426 807 477 865
53.5 424 813 479 865
52.5 423 809 473 864
50.0 419 811 471 859
52.5 417 816 467 871
54.0 410 818 469 867
57.5 407 820 471 871
55.5 415 805 465 866
53.0 406 809 458 863
52.0 406 814 460 864
46.5 405 817 455 860
50.0 397 818 451 864
54.0 401 805 459 855
54.5 396 804 447 862
55.5 394 796 447 854
52.5 396 791 442 850
50.5 389 799 441 848
50.0 398 800 450 848
62.0 399 779 444 858
61.5 393 791 449 858
51.0 401 796 447 852
59.0 404 789 454 857
60.0 408 779 453 854
53.5 413 784 464 840
52.0 411 785 459 841
63.0 406 789 470 851
55.5 412 792 471 844
53.5 415 795 465 852
55.5 413 797 469 852
58.0 410 808 468 866
52.5 417 808 468 862
59.0 416 803 468 869
52.0 408 818 465 865
46.5 411 821 459 866
46.0 403 823 452 866
49.0 405 817 463 857
55.5 412 807 473 857
58.0 407 801 462 862
54.0 400 799 446 861
58.0 390 798 451 853
58.5 384 802 452 851
56.0 387 793 445 847
52.0 393 788 441 844
63.0 379 783 444 844
51.5 385 779 436 831
52.5 376 784 435 830
58.5 364 775 424 832
48.0 366 774 421 815
59.5 366 748 428 805
54.0 357 752 406 811
50.0 360 761 410 811
54.0 365 766 420 819
50.5 378 778 433 824
59.5 381 771 433 838
57.0 384 784 438 844
46.5 388 797 435 843
55.0 389 790 446 843
48.5 397 784 451 827
55.5 410 773 456 838
54.0 399 788 440 855
62.5 410 769 453 851
55.0 415 779 462 842
57.0 415 775 466 838
49.0 414 798 466 844
59.0 432 787 478 859
54.5 433 807 491 858
59.5 444 811 494 880
56.0 451 827 503 887
55.5 458 829 506 892
57.5 455 826 511 885
59.0 461 839 509 909
56.5 464 849 522 904
54.0 463 849 514 906
51.0 463 851 502 914
49.0 455 858 501 910
54.5 451 843 509 894
50.0 525 775 567 833
54.0 444 836 490 898
52.5 428 835 481 887
50.5 432 824 485 872
53.5 431 820 474 884
55.5 427 810 474 874
47.0 431 820 479 866
50.5 429 817 481 866
55.0 426 800 475 861
49.0 421 805 474 850
52.0 420 801 467 858
52.0 414 806 465 859
51.5 411 817 468 863
58.0 417 808 475 866
51.0 427 805 474 860
54.0 421 797 468 858
52.0 411 795 461 849
53.5 410 791 459 849
51.5 411 790 457 847
53.5 422 793 461 861
48.5 416 822 479 856
52.5 425 809 477 862
44.5 430 805 476 848
48.0 422 814 476 856
44.5 426 818 480 853
47.0 428 805 474 853
41.0 425 823 468 862
49.5 430 817 480 866
51.0 429 827 480 878
50.0 432 820 477 875
49.5 428 823 479 871
54.5 424 823 479 877
51.0 420 823 479 866
48.0 414 820 463 867
48.5 415 813 467 858
51.0 413 816 467 864
57.0 411 806 467 864
56.5 404 811 465 863
47.0 406 813 471 842
50.5 416 807 465 859
53.0 411 816 465 868
58.5 419 807 473 870
51.5 417 819 472 867
58.5 409 811 465 872
53.0 415 811 467 865
52.0 413 822 472 867
55.5 419 823 473 880
53.5 432 823 479 883
51.5 437 826 490 876
58.5 432 830 484 895
58.0 430 831 488 889
55.5 434 829 488 886
57.0 437 824 491 884
56.0 438 819 485 884
59.0 424 807 477 872
49.0 415 819 458 874
50.5 414 812 463 864
46.5 417 809 468 851
56.5 413 810 466 870
472.0 493 757 1067 1127
52.5 420 815 462 878
57.0 415 821 466 884
58.0 421 810 473 874
51.5 419 824 480 866
57.5 423 822 487 873
56.5 425 824 479 883
51.0 425 824 465 886
59.0 414 818 471 879
59.5 417 809 473 872
54.0 417 815 464 876
51.5 416 816 462 873
54.0 419 807 463 871
51.0 414 811 457 870
57.5 409 814 463 875
59.0 414 814 464 882
53.0 412 813 463 868
58.5 407 814 462 876
66.0 412 804 469 879
60.0 413 808 466 875
58.0 414 806 469 867
62.0 421 795 475 865
62.5 414 812 476 875
60.0 420 811 479 872
57.5 419 816 471 879
53.5 425 816 472 876
55.5 426 824 480 881
51.5 429 820 478 874
56.0 427 822 484 877
54.5 421 828 483 875
58.5 419 822 480 878
55.5 421 819 479 872
52.5 420 818 476 867
55.5 418 816 470 875
50.5 434 815 476 874
55.5 433 817 478 883
54.5 428 823 487 873
50.0 432 816 488 860
50.0 425 824 480 869
48.5 425 823 477 868
49.5 428 812 479 860
50.0 423 811 465 869
51.5 422 810 473 862
52.0 411 822 470 867
56.5 419 821 468 885
58.5 424 822 484 879
53.5 424 825 479 877
58.5 431 819 488 879
57.5 433 825 490 883
60.0 435 827 490 892
61.0 435 822 492 887
58.5 432 818 481 886
61.5 425 820 489 879
57.0 428 818 481 879
52.0 427 815 480 866
51.5 426 814 477 866
58.5 417 799 469 864
55.5 417 797 469 856
54.5 416 802 473 854
53.5 414 798 470 849
51.0 409 798 466 843
56.0 408 795 465 850
57.0 416 799 463 866
53.0 427 804 472 865
47.0 427 819 476 864
50.0 431 817 478 870
53.0 428 823 478 879
52.5 421 829 479 876
56.0 426 810 466 882
61.5 423 805 467 884
63.5 413 797 466 871
57.5 411 795 467 854
53.0 410 798 462 852
55.5 412 791 461 853
52.0 405 796 459 846
46.5 405 804 453 849
54.5 404 795 453 855
60.5 402 781 453 851
56.5 406 777 452 844
52.5 405 782 450 842
62.0 397 776 456 841
52.0 407 777 450 838
52.5 397 798 448 852
47.0 401 799 451 843
55.0 410 792 466 846
50.0 411 797 466 842
61.0 417 800 467 872
54.5 422 801 475 857
56.5 422 817 471 881
47.5 427 828 481 869
44.0 428 829 475 870
44.0 421 828 480 857
50.0 424 823 485 862
51.0 430 799 475 856
55.0 427 790 478 849
56.0 423 801 476 860
50.5 429 809 477 862
51.0 432 806 481 859
51.0 426 808 473 863
46.5 489 772 540 814
59.0 414 808 475 865
53.0 412 796 471 843
60.5 475 746 531 811
57.5 406 785 457 849
51.5 393 777 439 834
