44.5 475 847 519 892
48.5 483 848 520 908
47.5 484 851 523 907
46.0 479 863 531 903
29.0 545 817 581 839
41.0 484 859 528 897
35.0 546 810 581 845
48.0 481 856 532 901
47.0 485 857 533 903
38.5 554 797 584 844
48.0 491 852 530 909
39.0 550 804 583 849
46.5 487 865 530 915
44.5 494 864 533 914
44.5 493 864 534 912
45.0 488 870 534 914
47.0 493 864 537 914
45.0 489 865 531 913
42.5 494 868 537 910
44.0 495 867 540 910
42.5 495 870 540 910
41.5 498 864 541 904
48.0 495 861 549 903
47.5 491 861 536 911
46.5 486 861 533 907
43.0 486 863 534 901
44.0 486 864 531 907
46.5 485 864 533 909
46.0 489 866 540 907
48.0 488 870 543 911
40.5 495 869 537 908
41.5 492 869 536 908
47.5 491 872 542 916
44.0 479 866 529 904
47.5 474 859 525 903
34.0 553 805 593 833
45.0 482 846 521 897
49.0 480 842 517 903
49.0 482 849 523 906
46.5 484 860 528 909
47.0 487 858 530 909
48.0 485 861 534 908
43.0 476 868 523 907
51.0 488 848 523 915
49.5 484 851 533 901
49.5 483 858 530 910
35.0 554 808 588 844
49.5 484 858 535 906
45.5 488 864 531 912
45.0 486 869 534 911
48.5 486 856 534 905
48.0 483 864 538 905
47.5 479 869 535 908
44.0 490 865 540 903
45.5 487 868 536 910
45.0 491 870 546 905
44.0 496 873 545 912
46.5 504 866 546 917
47.0 497 858 539 910
52.5 486 856 541 906
44.5 487 860 539 897
49.0 485 855 544 894
45.0 481 867 529 909
42.5 488 855 527 901
42.5 483 849 526 891
47.0 493 841 535 893
44.0 498 842 533 895
38.5 545 815 589 848
42.5 494 844 532 891
52.5 483 830 527 891
49.5 480 831 525 885
44.5 531 801 575 846
44.0 480 842 527 883
46.0 492 836 527 893
44.5 483 832 522 882
46.0 476 822 513 877
40.5 466 826 513 860
51.5 460 815 506 872
34.5 533 772 569 805
47.5 464 815 512 862
48.5 463 814 506 868
42.5 466 826 502 875
46.0 466 838 510 886
43.0 473 836 513 882
43.0 476 844 522 884
48.5 476 839 523 889
46.5 478 845 520 896
49.0 478 842 519 899
47.0 475 858 524 903
49.0 479 855 525 907
48.5 484 859 528 912
51.0 484 860 529 917
45.5 479 859 528 901
43.0 480 855 520 901
51.5 477 848 526 902
47.5 472 851 520 898
46.0 470 853 516 899
47.0 468 848 518 892
45.5 467 841 508 891
45.0 457 848 509 886
47.5 454 847 518 878
47.5 461 844 515 885
49.0 464 844 519 887
42.5 469 851 521 884
47.0 476 846 515 901
52.5 472 848 523 902
51.5 476 843 522 900
52.0 478 841 528 895
42.0 475 856 520 895
47.0 477 850 524 897
45.0 482 858 521 909
47.5 486 852 528 905
42.5 485 862 526 906
47.0 481 858 532 901
43.0 485 870 530 911
42.0 487 868 539 900
46.5 485 863 536 905
44.5 480 870 533 906
46.5 482 858 529 904
46.0 475 852 519 900
43.5 471 856 519 895
52.0 468 836 517 891
50.5 473 836 517 893
48.5 470 841 518 890
43.0 475 848 522 887
47.0 476 841 520 891
44.5 477 845 521 890
45.5 486 843 527 893
45.0 487 851 531 897
42.0 491 858 533 900
40.5 497 866 546 898
48.0 500 862 542 916
45.0 499 864 542 911
42.0 499 862 537 908
44.0 498 867 542 911
45.5 502 868 543 918
51.0 495 864 536 925
49.0 491 854 531 912
47.0 480 848 517 905
49.5 474 841 521 893
49.0 465 844 515 892
56.5 465 841 522 897
47.0 474 852 520 900
51.5 479 854 528 908
47.5 481 864 530 910
49.5 489 855 534 909
46.0 494 857 528 915
44.0 491 860 533 906
46.5 489 865 533 914
48.0 484 856 529 907
48.5 480 854 526 905
44.0 484 854 532 894
47.5 478 859 529 903
45.5 483 858 527 905
42.0 484 868 531 905
45.5 481 861 534 899
45.0 484 856 515 915
46.0 482 850 522 902
46.5 476 844 516 897
44.5 472 848 514 895
43.0 473 851 517 893
41.0 473 853 518 890
43.5 470 849 515 891
50.0 470 850 523 897
50.5 479 844 521 903
48.0 476 859 521 910
44.0 483 847 520 898
48.0 486 851 535 898
45.5 482 857 528 902
48.5 483 849 525 904
47.0 484 854 525 907
44.0 483 865 530 906
47.5 482 853 529 901
47.0 484 855 531 902
44.0 486 852 526 900
48.5 486 857 531 909
48.5 486 855 528 910
44.0 485 851 526 898
49.0 484 852 528 906
47.5 486 864 533 912
45.5 487 861 529 910
38.0 484 874 527 907
490.5 556 804 1144 1197
42.0 495 865 538 906
39.5 494 869 530 912
42.0 491 870 532 913
44.0 496 859 529 914
47.0 483 859 533 903
41.5 488 858 524 905
38.5 489 855 516 905
40.0 487 851 515 903
46.5 477 851 524 897
41.0 479 845 513 893
44.0 477 846 521 890
50.5 484 841 525 901
46.0 483 852 524 903
46.5 485 844 521 901
44.0 483 847 524 894
36.5 542 796 584 827
45.0 474 841 519 886
47.5 473 836 509 895
37.5 528 794 571 826
47.5 465 837 507 890
38.5 531 786 570 824
46.0 465 832 505 884
43.5 467 831 503 882
47.0 462 836 504 888
43.5 468 833 508 880
45.5 464 833 505 883
441.5 535 779 1068 1129
48.0 467 831 506 888
45.0 465 833 505 883
41.0 466 841 510 879
45.0 468 835 510 883
50.0 466 827 503 890
46.0 466 829 504 883
43.0 471 831 503 885
45.0 465 835 505 885
47.0 467 837 509 889
45.0 469 835 507 887
45.5 468 836 506 889
51.0 472 826 504 896
42.5 467 842 505 889
51.5 466 826 511 884
44.0 470 832 506 884
53.0 463 833 507 895
50.0 465 827 505 887
434.5 530 796 1067 1128
47.5 475 821 510 881
49.0 473 815 508 878
51.0 474 813 513 876
47.0 473 811 507 871
48.5 472 817 510 876
46.0 477 818 514 873
48.0 474 819 509 880
52.0 472 820 516 880
48.0 477 825 518 880
49.5 473 832 520 884
43.0 472 834 513 879
48.5 473 835 517 888
49.0 532 792 578 844
43.5 471 843 521 880
35.5 548 786 571 834
45.0 472 849 518 893
43.5 547 776 584 826
46.5 478 841 518 894
46.0 472 840 514 890
41.5 467 846 517 879
45.5 467 852 512 898
44.0 461 845 507 887
44.0 460 839 504 883
43.5 459 840 504 882
46.0 461 836 506 883
46.0 464 829 503 882
48.5 456 833 507 879
46.5 457 832 504 878
52.0 458 828 506 884
50.0 445 829 497 877
46.5 445 829 494 873
48.0 439 826 491 870
50.0 439 813 485 867
51.0 431 822 480 875
48.5 436 812 480 865
54.5 432 812 477 876
45.5 443 818 490 862
44.5 511 777 553 824
51.0 444 830 498 878
54.0 453 828 502 887
48.5 455 837 503 886
54.0 458 837 508 895
55.5 456 836 509 894
44.0 543 779 573 837
48.5 460 840 508 889
45.5 461 834 500 886
50.5 456 838 510 885
47.0 454 834 502 880
50.0 450 826 503 873
49.0 446 829 499 874
44.5 448 837 505 869
50.5 450 828 500 879
44.5 453 840 500 882
45.0 461 832 503 880
45.0 458 836 500 884
45.5 457 842 505 885
49.5 464 845 512 896
45.0 465 852 514 893
45.0 474 851 525 890
44.5 474 854 519 898
46.0 474 847 522 891
46.0 469 849 514 896
47.5 463 850 513 895
53.0 463 840 516 893
50.5 462 838 511 890
50.0 459 843 506 896
50.5 463 842 509 897
48.0 466 846 514 894
49.0 461 847 513 893
51.0 465 838 511 894
53.5 468 833 513 895
51.0 464 834 506 894
45.5 459 851 509 892
51.5 466 839 513 895
49.0 473 835 529 877
46.0 546 772 575 835
55.0 480 826 538 878
55.0 482 831 532 891
429.0 532 805 1066 1129
51.0 478 839 531 888
46.0 478 841 527 884
45.5 470 849 520 890
44.5 464 843 503 893
44.0 467 823 500 878
48.5 525 785 567 840
50.5 463 830 505 889
50.5 466 837 507 897
47.5 467 844 516 890
47.0 464 848 514 892
51.5 460 832 511 884
51.5 462 829 510 884
46.5 464 838 518 877
51.5 466 838 515 892
51.0 469 846 523 894
43.0 480 852 518 900
44.5 475 859 524 899
