37.5 453 760 478 810
39.0 454 766 487 811
30.0 472 770 492 810
27.5 472 777 501 803
23.0 475 787 497 811
39.5 476 776 500 831
33.5 481 765 502 811
43.0 475 774 506 829
33.5 480 778 503 822
35.0 480 784 512 822
34.0 479 788 505 830
26.0 485 805 513 829
30.0 497 786 512 831
30.5 496 799 522 834
33.5 487 799 520 833
29.0 482 814 514 840
36.5 490 797 521 839
38.0 486 805 520 847
28.5 495 807 517 842
30.5 494 807 533 829
36.0 477 800 518 831
32.5 485 788 504 834
37.5 473 789 508 829
35.5 461 796 504 824
39.0 459 791 494 834
40.0 462 777 496 823
35.5 458 787 493 823
32.0 450 793 498 809
35.0 451 791 496 816
34.5 448 781 491 807
33.0 442 785 491 802
29.5 449 775 481 802
26.5 451 781 487 798
35.0 450 775 489 806
35.0 440 764 483 791
29.0 441 769 479 789
34.5 444 766 479 800
31.0 448 774 483 801
39.5 447 767 484 809
36.0 451 774 492 805
37.0 453 783 492 818
38.5 461 774 493 819
31.0 457 785 493 811
26.5 469 786 497 811
33.0 478 775 503 816
30.0 480 782 507 815
29.0 475 792 506 819
35.5 469 789 514 815
29.5 479 783 510 811
33.0 478 781 509 816
30.5 478 781 507 813
31.5 478 784 516 809
29.5 474 789 510 812
30.5 482 777 513 807
28.5 476 781 510 804
30.5 471 777 494 815
31.5 461 777 488 813
32.0 457 773 483 811
32.0 452 754 483 787
37.5 439 754 477 791
41.5 442 745 460 810
44.5 436 744 469 800
27.0 436 762 463 789
33.0 445 741 464 788
28.0 449 753 471 787
35.0 431 757 468 790
36.5 438 748 473 786
38.5 439 748 465 799
33.5 442 749 467 791
40.0 429 756 474 791
37.5 430 763 470 798
40.5 436 752 484 785
35.0 443 756 475 794
28.5 450 761 479 789
37.0 442 754 476 794
35.0 456 746 476 796
39.0 449 748 475 800
34.0 453 747 478 790
37.5 459 739 487 786
27.0 463 767 492 792
34.5 462 768 496 803
29.5 459 787 493 812
20.5 483 781 501 804
29.0 480 771 506 803
31.0 484 776 511 811
27.0 543 764 566 795
26.0 494 786 519 813
28.5 497 787 521 820
29.0 496 783 519 818
25.0 534 774 566 792
34.0 488 787 515 828
32.5 492 791 516 832
32.0 498 790 526 826
33.0 495 807 528 840
35.0 499 805 524 850
25.5 548 774 571 802
37.0 490 805 521 848
33.0 488 794 518 830
37.5 487 781 514 829
29.5 488 789 513 823
35.0 474 789 511 822
28.0 480 789 507 818
31.0 479 775 506 810
31.5 479 768 496 814
39.0 469 762 496 813
35.5 462 770 493 810
39.5 453 766 487 811
34.5 457 759 479 806
33.5 449 770 490 796
32.5 454 768 478 809
43.0 451 768 490 815
34.0 459 764 490 801
28.5 455 776 490 798
37.5 454 773 488 814
37.5 465 777 488 829
31.5 462 789 498 816
34.5 469 789 505 822
35.0 476 790 503 833
37.0 474 800 510 838
34.0 479 805 515 837
38.5 484 813 526 848
31.5 492 821 525 851
36.5 492 818 522 861
38.0 492 816 520 864
40.5 493 815 527 862
34.5 488 820 520 857
37.5 484 812 518 853
36.0 477 809 514 844
36.0 476 800 510 838
33.0 470 805 506 835
32.5 475 805 511 834
32.5 476 808 520 829
33.0 489 812 513 854
37.0 495 811 526 854
32.0 502 820 527 859
32.0 505 819 538 850
29.0 503 825 533 853
32.5 504 815 536 848
30.0 515 816 540 851
30.0 508 822 535 855
29.5 511 817 535 852
35.5 495 823 532 857
34.0 499 816 533 850
33.0 496 815 527 850
33.5 486 813 518 848
34.0 490 800 519 839
36.0 484 796 518 834
34.0 479 802 511 838
33.5 475 800 509 833
33.0 478 800 512 832
27.5 479 802 508 828
30.5 478 801 502 838
31.0 482 799 503 840
32.5 485 802 510 842
34.5 488 800 519 838
35.5 492 794 520 837
34.5 483 801 512 841
39.0 476 797 507 844
40.5 471 788 507 833
37.5 465 792 501 831
39.0 460 785 501 822
31.0 463 787 490 822
32.5 459 781 490 815
34.5 455 785 488 821
33.0 458 788 490 822
36.5 459 790 493 829
35.5 463 791 496 829
32.5 463 795 493 830
36.0 469 782 503 820
38.0 467 781 505 819
33.5 476 783 511 815
35.0 476 782 512 816
34.0 476 786 504 826
33.5 481 780 509 819
32.0 478 785 506 821
35.0 484 784 512 826
36.5 481 793 510 837
31.0 486 794 515 827
29.5 481 791 507 824
32.0 492 800 521 835
31.5 490 812 527 838
36.0 485 809 520 846
33.5 486 802 515 840
28.5 480 803 506 834
32.0 471 792 500 827
32.5 472 781 498 820
31.0 471 779 499 813
32.5 466 788 495 824
35.5 458 767 490 806
33.5 462 779 490 818
36.0 463 784 494 825
37.0 471 792 510 827
39.0 473 806 511 846
30.0 490 822 519 853
35.5 492 821 523 861
39.0 492 820 522 868
42.5 492 818 527 868
32.5 495 817 523 854
34.0 494 814 519 857
36.5 489 816 517 861
29.5 487 821 523 844
30.5 491 826 515 863
34.5 491 828 524 864
30.5 494 816 516 855
36.0 481 817 524 846
34.0 482 817 520 847
33.0 489 814 520 849
31.5 490 813 516 850
33.5 494 817 516 862
34.5 503 812 528 856
31.5 502 824 532 857
32.5 515 822 538 864
37.0 507 830 542 869
36.0 510 832 545 869
36.5 506 834 544 869
32.5 505 839 535 874
28.5 505 830 533 859
27.5 511 822 537 851
33.0 503 818 538 849
30.5 513 812 541 845
33.5 507 816 530 860
33.0 505 822 539 854
30.5 511 823 543 852
34.0 509 826 545 858
31.0 510 820 534 858
28.0 549 803 589 819
35.0 506 828 541 863
36.5 504 822 539 860
15.0 562 814 583 823
31.0 494 831 526 861
30.5 548 795 582 822
31.0 500 831 534 859
30.0 545 804 580 829
34.0 511 817 530 866
31.0 541 793 581 815
32.5 490 831 525 861
21.5 543 806 567 825
32.5 492 809 526 840
33.0 479 812 517 840
27.5 535 783 570 803
34.5 481 788 511 827
36.0 472 792 501 835
32.5 466 784 492 823
31.0 518 754 544 790
35.0 450 779 482 817
21.5 512 761 549 767
29.5 451 781 483 808
29.0 444 784 473 813
33.5 449 772 475 813
36.0 447 775 482 812
32.5 497 751 534 779
38.0 441 779 478 818
36.5 445 782 481 819
35.5 496 738 534 771
31.0 448 780 478 812
32.5 448 776 482 807
36.5 464 773 494 816
32.0 465 792 499 822
20.0 507 766 532 781
37.5 468 800 503 840
34.5 476 798 508 835
31.0 480 807 516 833
34.0 487 801 514 842
30.5 483 808 516 836
41.5 478 794 516 839
32.5 482 787 513 821
22.5 524 763 545 787
36.0 478 781 515 816
36.0 471 782 507 818
35.0 520 756 555 791
29.5 470 781 496 814
32.0 472 772 495 813
31.0 472 770 494 810
28.0 470 769 489 806
31.5 471 772 494 812
33.0 476 777 501 818
36.0 474 781 513 814
33.0 478 780 511 813
31.5 475 792 510 820
36.0 479 796 508 839
32.5 485 798 516 832
33.0 485 799 513 837
32.0 488 801 516 837
30.0 479 807 514 832
35.5 467 792 509 821
35.5 459 781 498 813
31.5 459 790 498 814
42.5 457 781 497 826
38.0 465 766 486 821
41.5 453 776 491 821
35.5 456 780 490 817
37.0 467 771 491 821
33.5 470 781 490 828
29.5 471 792 497 825
31.0 484 783 493 836
36.5 468 796 509 828
32.5 488 780 505 828
89.5 506 641 504 822
29.0 480 800 500 838
30.5 472 792 498 827
34.0 458 817 497 846
